0 -1.85 -2.86
0 -1.32 -2.90
0 -0.90 -0.71
0 -1.66 -1.46
0 -3.88 -1.94
0 -3.60 -1.04
0 -1.05 -2.72
0 -2.70 0.32
0 -2.41 -1.00
0 -3.06 -2.60
0 -2.74 -1.01
0 -2.18 -2.57
0 -3.40 -2.47
0 -2.10 -0.35
0 -1.66 -3.25
0 -2.27 -1.51
0 -3.99 -2.67
0 -2.65 -1.40
0 -2.09 -2.60
0 -1.39 -2.12
0 -3.32 -2.96
0 -4.12 -3.98
0 -1.66 -2.79
0 -1.37 1.41
0 -1.42 -4.00
0 -2.45 0.04
0 -0.34 -0.72
0 -2.38 -3.54
0 -3.87 -2.47
0 -0.87 -2.34
0 -2.84 -2.82
0 -2.49 -1.46
0 -4.16 -1.86
0 -4.32 -1.43
0 -2.29 -2.82
0 -2.11 -2.41
0 -2.43 -2.03
0 -1.55 -1.91
0 -0.81 -0.62
0 -3.28 -1.43
0 -1.92 -0.89
0 -0.93 -1.71
0 -1.05 -2.11
0 -1.85 -1.43
0 -3.46 -1.32
0 -0.95 -1.68
0 -1.53 -3.44
0 -1.36 -1.64
0 -2.34 -2.04
0 -3.09 -1.74
0 -0.25 -2.35
0 -2.59 -4.80
0 -3.14 -3.46
0 -1.96 -2.01
0 -2.14 -1.87
0 -0.95 -2.73
0 -0.41 -0.32
0 -0.22 -2.18
0 -0.91 -3.64
0 -3.25 -1.88
0 -1.20 -2.49
0 0.20 -0.80
0 -3.17 -1.49
0 -3.56 -2.50
0 -3.94 -2.28
0 -0.23 0.15
0 -1.10 -2.43
0 -3.32 -0.17
0 -1.67 -3.67
0 -2.39 -3.45
0 -1.49 -2.36
0 -2.43 -2.74
0 -2.38 -1.98
0 -2.59 -1.96
0 -1.10 -1.22
0 -4.52 -1.69
0 -0.40 -1.86
0 -1.49 -3.10
0 -1.99 -2.09
0 0.07 -2.78
0 -1.36 -2.86
0 -1.44 -1.79
0 -1.07 -3.46
0 -1.39 -3.26
0 -1.63 -1.80
0 -2.78 -2.48
0 -2.19 -3.65
0 -1.70 -1.72
0 -1.59 -4.02
0 -0.47 -2.60
0 -2.77 -1.84
0 -2.01 -1.46
0 -2.70 -4.02
0 -3.19 -1.17
0 -1.87 -3.46
0 -0.89 -0.65
0 -1.39 -0.85
0 -2.38 -0.31
0 -2.20 -2.89
0 -2.73 -1.68
0 -1.05 -0.74
0 -1.62 -2.98
0 -1.95 -1.31
0 -3.16 -2.90
0 -0.89 -1.97
0 -4.13 -2.99
0 -2.48 -1.19
0 -2.10 -2.46
0 -2.32 -2.68
0 -2.60 -1.19
0 -1.68 -1.97
0 -2.23 -1.64
0 -2.67 -2.49
0 -2.56 -2.16
0 -0.48 -2.13
0 -3.56 -1.50
0 -2.96 -3.24
0 -1.10 -1.31
0 -1.82 -1.46
0 -1.30 -1.33
0 -2.15 -1.90
0 -0.15 -1.18
0 -0.99 -3.15
0 -0.57 -1.56
0 -2.85 -1.84
0 -1.07 -0.90
0 -1.78 -0.42
0 -2.34 -3.29
0 -1.22 -3.03
0 -2.02 -2.49
0 -2.46 -2.13
0 -2.80 -0.69
0 -2.03 0.17
0 -1.30 0.29
0 -0.98 -2.59
0 -0.88 -1.41
0 -1.18 0.72
0 -1.32 -2.64
0 -1.26 -2.01
0 -2.77 -2.12
0 -4.29 -0.90
0 -1.76 -0.24
0 -2.53 -3.59
0 -0.71 -2.27
0 -2.67 -1.76
0 -0.85 -0.58
0 -1.03 -1.02
0 -0.08 -2.49
0 -2.98 -0.09
0 -2.40 -2.23
0 -2.78 0.09
0 -2.34 -2.31
0 -2.65 -2.52
0 -1.12 -0.69
0 -1.86 -0.57
0 -2.57 -1.74
0 -1.31 -2.58
0 -0.41 -0.96
0 -2.67 -0.86
0 -3.07 -2.15
0 -3.09 -1.48
0 -0.49 -1.53
0 -2.13 -1.24
0 -0.28 -2.03
0 0.76 -0.71
0 -2.17 -2.02
0 -5.37 -2.95
0 -2.68 -2.30
0 -1.41 -2.85
0 -2.47 -2.82
0 -0.73 -1.49
0 -0.87 -3.96
0 -2.24 -3.01
0 -3.00 -1.55
0 -2.13 -3.27
0 -2.25 -3.62
0 -3.50 -1.25
0 -1.23 -2.02
0 -3.48 -0.79
0 -1.84 -1.72
0 -2.09 -2.57
0 -1.70 -2.59
0 -1.32 -3.18
0 -0.46 -2.02
0 -1.52 -3.13
0 -3.47 -3.37
0 -2.43 -0.79
0 -2.36 -2.17
0 -2.75 -1.12
0 -2.96 -2.54
0 -2.20 -1.10
0 -1.77 -3.15
0 -1.25 -3.71
0 -2.52 0.36
0 -3.05 -2.92
0 -2.37 -2.55
0 -1.88 -3.05
0 -3.05 0.87
0 -2.55 -0.81
0 -2.63 -1.27
0 -2.59 -1.92
0 -0.38 -2.73
0 -2.11 -1.89
0 -1.57 -3.06
0 -1.97 -1.95
0 0.21 -2.03
0 -1.54 -3.57
0 -1.55 -1.06
0 -3.32 -1.53
0 -1.63 -0.48
0 -4.88 -1.15
0 -3.21 -1.56
0 -2.06 -2.58
0 -0.03 -1.17
0 -2.61 -1.94
0 -2.11 -1.64
0 -3.02 -1.16
0 -2.15 -2.92
0 -3.61 -1.09
0 -1.00 -1.64
0 -2.15 -3.14
0 -2.06 -1.52
0 -2.87 -3.80
0 -2.48 -2.91
0 -2.65 -4.67
0 -3.58 -0.34
0 -2.71 -1.99
0 -0.16 -2.23
0 -0.56 -1.00
0 -1.20 -2.53
0 -1.83 -3.60
0 -3.06 -2.74
0 -0.77 -2.20
0 -1.78 -1.57
0 -0.74 -1.48
0 -1.86 -2.51
0 -3.47 -3.55
0 -1.54 -1.37
0 -1.96 -1.81
0 -2.16 -0.80
0 -3.43 -2.71
0 -2.03 -1.90
0 -3.17 -1.17
0 -2.72 -1.08
0 -2.98 -1.00
0 -0.66 -1.76
0 -0.46 -2.65
0 -3.28 -2.17
0 -1.30 -2.03
0 -1.67 -2.49
0 -2.21 -0.13
0 -1.12 -1.57
0 -0.07 -3.92
0 -3.54 -1.13
0 -3.27 -2.05
0 -1.97 -3.38
0 -2.89 -3.64
0 -2.85 -1.87
0 -0.57 -2.66
0 -2.55 -1.85
0 -0.72 -0.65
0 -2.54 -1.04
0 -2.76 -3.34
0 -2.72 -2.00
0 -1.93 -1.28
0 -2.18 -0.87
0 -2.66 -1.23
0 -2.11 -0.77
0 -2.77 -3.16
0 -3.81 -1.59
0 -3.36 -2.42
0 -0.25 -2.27
0 -3.11 -1.93
0 -2.43 -3.45
0 -0.31 -2.73
0 -2.72 -3.42
0 -0.86 -2.22
0 -1.23 -1.19
0 -2.14 -0.78
0 -1.66 -2.20
0 -2.20 -4.20
0 -2.98 -1.29
0 -1.95 -2.14
0 -1.74 -2.84
0 -2.90 -2.62
0 -4.29 -3.15
0 -2.47 -3.74
0 -2.78 -1.26
0 -0.95 -1.02
0 -1.65 -0.67
0 -2.71 -2.53
0 -2.51 -1.18
0 -1.61 -1.33
0 -2.60 -2.80
0 -2.43 -4.23
0 -1.99 -1.60
0 -2.17 -3.75
0 -2.93 -1.32
0 -2.01 -2.58
0 -2.22 -2.56
0 -2.46 -1.48
0 -1.61 -4.02
0 -1.26 -1.37
0 -1.81 -3.27
0 -2.99 -3.60
0 -1.43 -1.44
0 -1.51 -1.90
0 -2.05 -1.63
0 -2.46 -0.39
0 -2.90 -0.43
0 -1.53 -2.59
0 -1.16 -3.46
0 -0.26 -2.23
0 -0.65 -1.13
0 -2.27 -2.33
0 -2.77 -1.26
0 -1.37 -2.70
0 -0.69 -1.67
0 -1.04 -1.38
0 -2.82 -1.25
0 -2.53 -1.74
0 -1.82 -0.77
0 0.33 -1.23
0 -2.62 -3.40
0 -2.88 -2.09
0 0.61 -1.74
0 -2.18 -1.60
0 -2.41 -3.15
0 -1.96 -2.18
0 -2.36 -2.22
0 -2.43 -0.77
0 -1.95 -4.42
0 -1.40 -1.63
0 -2.23 -3.31
0 -3.04 -1.59
0 -1.63 -3.76
0 -1.36 -3.13
0 -1.80 -1.76
0 -3.53 -3.93
0 -1.45 -2.09
0 -2.56 -3.08
0 -2.35 -2.08
0 -1.47 -0.13
0 -2.22 -2.09
0 -2.67 -2.00
0 -0.61 -2.87
0 -2.24 -2.51
0 -1.52 -1.59
0 -2.97 -3.14
0 -2.75 -1.35
0 -2.72 -2.71
0 -3.85 -1.36
0 -2.40 -0.60
0 -0.81 -3.31
0 -0.14 -2.78
0 -1.28 -2.22
0 -2.66 -1.59
0 -2.63 -1.10
0 -1.35 -1.88
0 -1.72 -2.27
0 -2.53 -1.53
0 -1.21 -3.33
0 -0.84 -3.06
0 -1.74 -2.84
0 -3.06 -3.41
0 -3.16 -0.76
0 -3.25 -1.74
0 -1.24 -1.13
0 -3.46 -3.12
0 -2.89 -1.45
0 -1.52 -1.77
0 -2.22 -0.48
0 -0.44 -1.81
0 0.02 -4.15
0 -3.27 -2.87
0 -2.47 -2.71
0 -3.38 -3.06
0 -2.35 -1.64
0 -1.88 -3.34
0 -1.68 -2.10
0 -2.58 -2.45
0 -2.26 -2.15
0 -0.84 -1.55
0 -1.58 -1.73
0 -3.03 -1.51
0 -2.69 0.13
0 -1.37 -3.76
0 -1.83 -2.05
0 -1.63 -3.94
0 -2.55 -0.64
0 -2.90 -2.57
0 -1.62 -1.80
0 -4.55 -1.34
0 -2.04 -3.29
0 -2.72 -1.93
0 -1.03 -2.86
0 -1.18 -2.42
0 -3.62 -1.51
0 -0.40 -2.29
0 -3.29 -3.87
0 -1.60 -1.48
0 -1.84 -1.19
0 -1.58 -0.78
0 -4.39 -3.01
0 -0.78 -0.59
0 -0.66 -1.96
0 -1.93 -0.84
0 -1.03 -0.84
0 -0.01 -0.55
0 -1.65 -2.18
0 -2.60 -3.13
0 -1.25 -1.18
0 -2.40 -3.97
0 -1.09 -3.54
0 -1.53 -0.30
0 -3.09 -1.58
0 -1.75 -1.35
0 -2.74 -1.59
0 -0.96 -2.50
0 -2.74 -0.21
0 -2.76 -2.52
0 -3.62 -4.39
0 -3.00 -1.43
0 -3.02 -1.97
0 -2.25 -2.67
0 -2.17 -2.12
0 -0.90 -1.89
0 -1.98 -2.83
0 -3.90 -1.17
0 -1.41 -2.34
0 -2.96 -1.86
0 -2.23 -2.00
0 -1.66 -1.81
0 0.07 -0.58
0 -1.69 -3.29
0 -0.41 -1.96
0 -3.67 -2.57
0 -3.75 -0.91
0 -2.94 -1.66
0 -2.92 -1.60
0 -1.32 -1.26
0 -3.28 -2.04
0 -0.84 -1.67
0 -1.53 -1.99
0 -1.72 -3.07
0 -1.26 -3.25
0 -0.15 -2.84
0 -1.73 -3.25
0 -2.69 -3.73
0 -1.20 -2.47
0 -1.16 -2.46
0 -0.86 -2.09
0 -2.84 -1.37
0 -1.32 -2.82
0 -2.99 -1.48
0 -0.84 -1.39
0 -0.34 -0.78
0 -3.02 -0.04
0 -2.03 -1.99
0 -2.14 -0.83
0 -2.69 -1.48
0 -1.42 -1.86
0 -2.31 -2.70
0 -2.12 -1.62
0 -0.41 -1.17
0 -1.66 -2.66
0 -1.84 -2.04
0 -2.63 -1.91
0 -0.55 -4.05
0 -2.16 -1.29
0 -2.95 -1.43
0 -1.64 -1.03
0 -1.44 -1.45
0 -2.81 -1.41
0 -2.00 -0.80
0 -1.67 -1.47
0 -0.78 -0.44
0 -2.49 -2.08
0 -0.77 -2.11
0 -2.75 -2.71
0 0.52 -1.46
0 -2.82 -1.43
0 -0.87 -3.36
0 -2.03 -2.64
0 -1.53 -0.37
0 -2.53 -0.91
0 -0.99 -1.72
0 -1.77 -1.31
0 -2.24 -1.90
0 -4.09 -3.36
0 -1.10 -0.69
0 -0.18 -2.73
0 -0.82 -1.26
0 -0.14 -3.53
0 -1.72 -2.58
0 -2.61 -0.87
0 -3.06 -1.80
0 -2.53 -3.47
0 -3.10 -2.13
0 -2.68 -2.03
0 -2.53 -2.74
0 0.32 -2.10
0 -1.52 -2.99
0 -3.85 -2.91
0 -0.79 -1.40
0 -3.27 -1.79
0 -1.85 -1.96
0 -1.77 -1.89
0 -2.02 -0.47
0 -1.10 -1.44
0 -2.58 -2.28
0 -0.45 -1.57
0 -2.74 -1.58
0 -2.57 -3.56
0 -2.25 -2.07
0 -1.54 -1.22
0 -1.28 -2.34
0 -3.36 -0.71
0 -2.72 -2.95
0 -2.24 -0.44
0 -2.42 -0.11
0 -3.00 -0.65
0 -1.36 -1.56
0 -2.97 -2.80
0 -2.73 -1.96
0 -0.60 -1.66
0 -2.32 -2.79
0 -3.40 -2.86
0 -2.34 -1.69
0 -0.26 0.07
0 -2.38 -1.37
0 -0.95 -2.47
0 -2.55 -0.59
0 -0.16 -2.29
0 -0.89 -2.95
0 -2.88 -2.81
0 -3.21 -1.87
0 -3.07 -2.26
0 -2.46 -1.56
0 -4.21 -1.93
0 -2.19 -1.45
0 -2.46 -2.13
0 -0.69 -2.73
0 -3.32 -2.08
0 -1.36 -3.96
0 -2.42 -2.48
0 -1.45 -2.67
0 -2.62 -1.58
0 -2.92 -2.84
0 -0.44 -2.58
0 -2.52 -1.53
0 -0.84 -3.30
0 -2.17 -2.65
0 -0.11 -1.76
0 -3.15 -3.84
0 -2.45 -1.46
0 -1.32 -1.04
0 -0.36 -2.78
0 -2.98 -2.60
0 -4.14 -2.60
0 -2.69 -0.69
0 -2.65 -2.02
0 0.61 -2.51
0 -3.16 -2.13
0 -0.53 -1.41
0 -0.80 -2.07
0 -0.70 -0.58
0 -2.47 -1.57
0 -0.69 -1.14
0 -1.49 -2.55
0 -0.20 -2.95
0 -2.07 -0.69
0 -3.42 -3.28
0 -0.19 -1.86
0 -0.72 -1.61
0 -1.51 -1.15
0 -3.14 -2.97
0 -1.39 -3.42
0 -1.74 -2.05
0 -1.37 -2.88
0 -1.41 -2.28
0 -0.49 -1.52
0 -3.32 -2.81
0 -2.60 -3.71
0 -3.60 -2.47
0 -2.06 -1.12
0 -3.08 -3.18
0 -0.41 -2.33
0 0.08 -2.11
0 -1.35 -0.07
0 -2.70 -1.19
0 -2.43 -2.67
0 -1.02 -2.96
0 -2.88 -4.06
0 -1.77 -1.31
0 -2.19 -2.61
0 -1.92 -2.16
0 -1.80 -0.19
0 -1.54 -1.85
0 -1.98 0.56
0 -0.62 -3.31
0 -3.76 -2.66
0 -2.37 -1.35
0 -1.66 -2.93
0 -3.16 -2.00
0 -3.94 -3.02
0 -4.99 -2.52
0 -2.92 -1.44
0 -0.15 -2.41
0 -2.76 -1.15
0 -0.16 -1.44
0 -1.78 -2.55
0 -2.35 -2.62
0 -0.54 -1.71
0 -2.50 -0.59
0 -1.24 -0.41
0 -2.52 -2.85
0 -1.53 -1.69
0 -1.04 -2.56
0 -0.70 -3.27
0 -1.77 -1.12
0 -3.57 -3.05
0 -0.26 -0.56
0 -1.28 -1.14
0 -2.12 -2.70
0 -1.16 -3.93
0 -3.30 -2.22
0 -1.27 -2.77
0 -0.81 0.03
0 0.07 -1.09
0 -2.46 -1.79
0 -1.32 -1.07
0 -3.04 -1.10
0 -1.10 -1.95
0 -1.41 -1.41
0 -0.96 -1.26
0 -2.75 -1.22
0 -1.83 -1.70
0 -1.42 -2.23
0 -1.33 -2.62
0 -2.22 -2.49
0 -0.44 -2.44
0 -0.79 -3.04
0 -2.13 -1.93
0 -3.41 -1.28
0 -2.25 -1.65
0 -2.11 -1.60
0 -3.05 -3.06
0 -1.05 -2.08
0 -4.84 -1.53
0 -1.89 -2.80
0 -2.49 -1.05
0 -2.71 -1.33
0 -2.27 -2.63
0 -3.28 -1.31
0 -2.96 -2.56
0 -1.92 -1.29
0 -2.23 -2.63
0 -2.17 -1.92
0 -3.26 -2.31
0 -2.06 0.83
0 -1.59 -2.86
0 -1.82 -2.58
0 -0.31 -0.28
0 -3.50 -3.02
0 -2.80 -1.23
0 -2.13 -1.58
0 -0.08 -1.04
0 0.64 -2.55
0 -3.53 -3.08
0 -3.99 -0.93
0 -2.29 -2.54
0 -3.16 -2.47
0 -2.61 -2.99
0 -1.25 -1.13
0 -3.01 -0.94
0 -4.12 -1.62
0 -2.85 -2.75
0 0.02 -1.71
0 -3.34 -0.67
0 -2.63 -1.15
0 -0.24 -2.32
0 -1.83 -1.49
0 -2.65 -2.55
0 -3.13 -3.19
0 -0.96 -1.61
0 -2.37 -2.00
0 -1.64 -1.65
0 -2.20 -2.35
0 -1.24 -2.08
0 -2.54 -3.16
0 -2.83 -3.08
0 -2.84 -2.29
0 -3.02 -2.31
0 -2.20 -1.55
0 -0.88 -2.02
0 -2.45 -3.78
0 -2.91 -1.40
0 -1.71 -0.94
0 -3.20 -1.63
0 -2.53 -2.26
0 -2.16 -1.15
0 -1.63 -2.75
0 -3.56 -4.25
0 -2.06 -1.69
0 -2.27 -1.89
0 -1.11 -2.04
0 -1.27 -4.42
0 -1.28 -1.35
0 -1.02 -3.53
0 -2.35 -2.38
0 -1.83 -1.05
0 -3.14 -2.38
0 -2.94 -2.61
0 -0.92 -1.21
0 -1.97 -1.35
0 -2.46 -2.63
0 -0.51 -2.40
0 -1.91 -2.43
0 -1.16 -1.95
0 -3.28 -0.78
0 -1.81 -0.39
0 -2.21 -1.31
0 -3.53 0.26
0 -1.62 -0.82
0 -2.52 -2.44
0 -1.71 -2.10
0 -1.05 -0.88
0 -1.29 -2.41
0 -3.20 -2.16
0 -2.25 -1.10
0 -0.28 -1.06
0 -1.79 -1.93
0 -0.72 -3.41
0 -0.96 -0.74
0 -3.72 -2.56
0 -4.31 -0.05
0 -2.04 -1.98
0 -1.74 -2.03
0 -3.86 -3.27
0 -1.95 -2.76
0 -1.97 -3.19
0 -3.04 -1.21
0 -3.71 -1.29
0 -1.28 -1.83
0 -0.61 -3.25
0 -1.84 -3.49
0 -2.63 -3.01
0 -0.45 -2.01
0 -3.75 -0.47
0 -2.24 -1.01
0 -1.40 -3.51
0 -4.55 -1.05
0 -0.69 -1.79
0 -2.41 -2.25
0 -1.18 -1.94
0 -1.56 -3.93
0 -1.31 -1.45
0 -1.70 -1.53
0 -1.52 -1.89
0 -0.00 -1.55
0 -0.52 -2.19
0 -1.56 -2.11
0 -3.16 -3.06
0 -2.78 -1.56
0 -1.94 -1.56
0 -2.60 -2.52
0 -2.91 -2.25
0 -2.68 -0.24
0 -0.71 -1.64
0 -1.48 -2.25
0 -2.67 -1.67
0 -0.94 -2.97
0 -1.73 -1.07
0 -2.33 -1.76
0 -2.02 -1.27
0 -1.95 -1.84
0 -2.54 -1.97
0 -2.92 -3.14
0 -0.27 -0.87
0 -1.75 -1.48
0 -2.03 -0.90
0 -2.38 -1.97
0 -1.99 -1.14
0 -1.90 -2.80
0 -1.60 -0.79
0 -2.91 -2.30
0 -2.45 -0.56
0 -3.12 -1.44
0 -1.83 -1.36
0 -2.26 -2.67
0 -0.19 -1.35
0 -2.07 -1.52
0 -3.03 -1.10
0 -2.16 -0.91
0 -1.56 -2.91
0 -3.54 -4.08
0 -3.07 -0.34
0 -1.60 -1.64
0 -1.71 -1.08
0 -1.50 -2.99
0 -1.01 -0.80
0 -1.13 -2.39
0 -1.46 -1.39
0 -3.96 -2.31
0 -2.90 -0.75
0 -1.50 -2.09
0 -3.27 0.05
0 -1.29 -1.89
0 -0.53 -2.64
0 -1.68 -2.55
0 -2.01 -2.51
0 -2.19 -2.43
0 -2.78 -2.33
0 -2.90 -3.04
0 -2.67 -2.28
0 -1.15 -2.02
0 -3.99 -2.77
0 -0.61 -1.31
0 -2.59 -1.94
0 -2.03 -4.46
0 -1.39 -2.41
0 -2.35 -1.80
0 -2.15 -3.61
0 -1.47 -3.05
0 -2.59 -2.08
0 -2.54 -1.13
0 -1.68 -1.59
0 -3.13 -1.80
0 -2.08 -1.97
0 -1.03 -0.64
0 -2.46 -3.37
0 -2.53 -2.21
0 -1.62 -1.67
0 -2.88 -3.44
0 -1.37 -1.19
0 -1.74 -1.71
0 -3.20 -1.96
0 -3.72 -4.53
0 -3.51 -2.35
0 0.02 -2.04
0 0.15 -3.89
0 -3.46 -1.40
0 -3.36 -3.11
0 -4.00 -2.36
0 -1.06 -2.55
0 -2.85 -1.44
0 -0.73 -2.11
0 -0.59 -0.45
0 -1.28 -3.18
0 -3.57 -3.49
0 -1.58 -1.73
0 -0.80 -3.94
0 -1.25 -4.41
0 -0.07 -2.98
0 -1.47 -2.32
0 -1.76 -2.22
0 -2.24 -3.18
0 -2.63 -2.47
0 -3.69 0.10
0 -2.58 -1.71
0 -1.81 -1.71
0 -2.02 -1.36
0 -3.64 -1.74
0 -2.88 -2.77
0 -0.58 -2.25
0 -1.24 -0.82
0 -3.95 -2.12
0 -1.10 -1.78
0 -2.92 -1.52
0 -2.08 -2.38
0 -2.30 -0.78
0 -2.32 -0.41
0 -1.61 -2.61
0 -3.27 -1.06
0 -1.28 -1.67
0 -3.53 -2.85
0 -1.89 -2.28
0 -2.55 -2.34
0 -0.52 -2.85
0 -2.62 -1.38
0 -2.46 -1.17
0 -3.35 -2.27
0 -1.32 -2.70
0 -0.99 -1.43
0 -0.57 -3.29
0 0.39 -0.39
0 -2.14 -4.60
0 -3.44 -3.06
0 -2.83 -1.17
0 -2.83 -1.47
0 -2.63 -2.88
0 -2.39 -1.87
0 -2.14 -3.65
0 -0.98 -4.47
0 -1.39 -3.14
0 -0.24 -1.90
0 -2.74 -0.34
0 -1.39 -1.70
0 -2.19 -3.28
0 -2.47 -4.82
0 -1.50 -3.71
0 -5.08 -1.29
0 -1.62 -0.93
0 -2.43 -1.44
0 -1.02 -1.26
0 -2.83 -1.68
0 -1.57 -3.23
0 -2.14 -3.26
0 -1.96 -4.01
0 -1.37 -2.31
0 -3.35 -2.83
0 -0.26 -0.79
0 -1.97 -1.65
0 -2.31 -1.47
0 -4.34 -1.35
0 -1.06 -3.60
0 -1.39 -2.88
0 -1.46 -2.07
0 -1.07 -3.63
0 -2.27 -2.08
0 -2.92 -2.35
0 -3.40 -1.15
0 -0.89 -2.34
0 -2.54 -3.51
0 1.26 -0.28
0 -0.55 -1.08
0 -2.20 -1.13
0 -0.92 -0.24
0 -2.01 -1.69
0 -3.06 -3.17
0 -1.74 -0.92
0 -4.50 -3.80
0 -1.63 -0.86
0 -2.39 -1.88
0 -2.96 -2.41
0 -3.41 -0.89
0 -3.24 -2.51
0 -0.43 -1.79
0 -2.28 -2.82
0 -1.85 0.57
0 -3.25 -1.67
0 -3.31 -2.62
0 -1.15 -3.33
0 -2.15 -2.52
0 -0.42 -1.55
0 -1.08 -1.42
0 -2.18 -1.80
0 -2.40 -1.62
0 -1.98 -3.18
0 -2.73 -4.34
0 -1.54 -3.41
0 -1.11 -1.60
0 -1.54 -1.70
0 -3.94 -3.49
0 -2.80 -1.07
0 -1.67 -2.65
0 -1.26 -0.44
0 -2.65 -0.92
0 -1.94 -2.54
0 -0.36 -1.46
0 -2.07 -2.89
0 -3.03 -3.19
0 -0.04 -2.08
0 -3.50 -1.50
0 -1.64 -0.95
0 -1.47 -1.61
0 -1.36 -1.28
0 -2.71 0.43
0 -3.69 -0.37
0 -2.86 -3.34
0 -2.08 -3.67
0 -1.73 -2.78
0 -2.89 -2.64
0 -1.01 -2.82
0 -3.57 -1.58
0 -0.95 -1.68
0 -2.40 -1.84
0 -3.45 -1.09
0 -1.08 -3.92
0 -1.97 -2.88
0 -3.26 -2.77
0 -1.10 -3.00
0 -1.61 -0.88
0 -2.48 -4.25
0 -1.10 -1.97
0 -1.74 -2.91
0 -0.50 -2.62
0 -3.26 -1.83
0 -2.09 -3.16
0 -3.17 -2.12
0 -2.05 -1.59
0 -1.65 -3.37
0 -2.67 -3.06
0 -3.44 -3.55
0 -1.83 -2.49
0 -3.55 -3.29
0 -3.38 -3.50
0 -2.69 -1.80
0 -2.23 -2.30
1 0.62 0.68
1 1.40 -0.47
1 -0.42 -0.28
1 -1.30 0.14
1 1.66 2.30
1 2.73 1.66
1 -0.24 -0.49
1 -0.16 1.46
1 2.02 1.66
1 0.09 -0.41
1 0.77 0.87
1 0.71 -0.82
1 1.61 1.67
1 1.69 2.18
1 0.55 1.08
1 -0.78 0.96
1 1.79 0.93
1 3.25 1.94
1 0.68 0.58
1 0.27 1.23
1 0.18 1.06
1 0.88 0.78
1 1.88 2.47
1 1.88 0.88
1 0.93 0.68
1 1.87 0.29
1 1.06 1.24
1 0.88 1.60
1 2.55 1.24
1 0.66 -0.01
1 1.54 1.66
1 3.07 3.42
1 0.50 2.47
1 2.03 0.77
1 1.23 1.26
1 0.54 1.66
1 0.79 1.27
1 1.65 1.86
1 2.07 1.50
1 1.66 1.33
1 0.68 1.29
1 0.27 2.90
1 1.52 0.10
1 1.44 0.18
1 0.59 0.17
1 1.23 -0.19
1 1.67 0.84
1 1.55 0.98
1 -0.21 -0.32
1 0.76 -0.83
1 1.00 -0.59
1 1.00 1.36
1 1.25 1.48
1 1.75 1.37
1 1.40 0.90
1 0.29 1.04
1 0.79 1.68
1 1.09 1.31
1 1.27 -0.80
1 0.03 0.44
1 0.90 0.72
1 2.89 3.56
1 0.62 1.28
1 1.22 1.20
1 0.94 -0.22
1 1.91 1.75
1 0.65 -1.12
1 -0.31 1.14
1 0.65 0.63
1 2.26 1.99
1 1.02 0.23
1 0.72 1.84
1 0.83 1.58
1 0.58 0.72
1 1.27 1.36
1 1.00 0.28
1 0.89 0.82
1 0.80 -0.33
1 0.87 0.40
1 -0.20 0.57
1 1.27 1.52
1 0.47 -1.38
1 2.60 2.23
1 0.61 0.94
1 1.02 0.58
1 2.75 1.46
1 1.39 0.49
1 1.65 -0.64
1 -0.08 -0.30
1 0.71 1.40
1 -0.40 -0.00
1 0.80 0.22
1 -0.38 1.00
1 0.84 1.09
1 0.89 2.13
1 1.92 1.08
1 2.11 0.91
1 -0.12 1.66
1 2.00 1.23
1 2.47 1.79
1 2.05 4.17
1 0.43 -0.06
1 1.74 1.17
1 2.41 0.69
1 1.98 1.30
1 0.99 0.79
1 0.44 0.42
1 0.00 2.22
1 0.76 2.37
1 -0.18 -0.01
1 1.88 0.76
1 1.80 3.81
1 1.42 1.16
1 1.21 0.57
1 1.76 1.14
1 1.31 0.01
1 0.09 0.53
1 2.39 0.68
1 2.17 0.60
1 0.94 0.72
1 0.43 0.64
1 0.67 1.79
1 0.55 1.64
1 0.65 -0.31
1 2.39 2.13
1 1.51 1.76
1 0.34 1.57
1 -0.07 0.58
1 0.61 0.08
1 -0.85 0.69
1 -0.35 -0.66
1 2.38 0.51
1 -0.17 0.97
1 2.25 1.69
1 0.76 1.52
1 -0.25 0.50
1 2.12 1.94
1 2.36 1.49
1 0.81 1.09
1 0.19 0.23
1 1.47 1.23
1 0.57 0.22
1 0.11 0.48
1 1.39 1.47
1 1.30 1.95
1 0.62 2.76
1 1.32 3.62
1 1.43 1.84
1 1.44 0.86
1 -0.05 0.13
1 -0.85 0.22
1 -0.37 0.28
1 1.61 2.05
1 0.70 0.88
1 2.51 1.95
1 0.41 0.58
1 0.72 2.06
1 1.34 0.07
1 0.62 -0.97
1 1.61 1.63
1 0.60 -0.39
1 1.56 0.90
1 1.03 0.91
1 1.15 0.68
1 1.94 1.83
1 1.18 1.48
1 0.74 1.00
1 0.49 0.37
1 0.18 -0.00
1 0.42 0.17
1 0.26 -0.17
1 0.30 2.08
1 2.12 0.77
1 -1.18 -1.05
1 -0.45 -1.42
1 0.25 0.97
1 2.84 1.68
1 -1.18 0.83
1 0.60 -0.83
1 0.59 1.28
1 3.09 2.14
1 1.68 1.94
1 -0.96 0.10
1 1.14 1.50
1 1.58 2.19
1 0.45 -0.64
1 -0.34 0.23
1 0.43 1.81
1 0.01 0.04
1 2.08 -0.66
1 1.25 1.10
1 0.13 0.99
1 0.87 1.82
1 2.20 1.15
1 -0.15 -0.13
1 0.51 0.41
1 -0.05 -0.41
1 0.11 1.51
1 1.48 1.20
1 0.68 1.22
1 2.38 2.70
1 0.51 -0.55
1 2.37 1.54
1 -0.55 0.21
1 0.65 1.30
1 1.58 1.53
1 0.53 -0.32
1 1.09 0.72
1 -0.06 0.68
1 2.45 1.41
1 0.69 -0.06
1 0.82 2.03
1 1.63 1.64
1 1.50 0.29
1 0.59 0.66
1 1.99 0.89
1 -0.00 0.57
1 3.12 2.92
1 0.05 0.48
1 1.73 2.86
1 0.14 0.22
1 -0.20 0.64
1 0.49 0.45
1 0.43 2.20
1 2.65 2.40
1 1.63 1.52
1 -0.83 0.20
1 1.69 -0.44
1 2.41 1.83
1 1.51 1.48
1 3.13 2.24
1 -0.27 0.61
1 1.38 1.37
1 1.14 1.79
1 -0.31 -1.96
1 2.45 2.12
1 -0.12 -0.15
1 0.01 0.09
1 0.54 -0.06
1 1.02 1.56
1 1.27 0.49
1 -0.62 0.49
1 0.82 1.83
1 -0.04 0.58
1 0.27 0.60
1 0.45 0.42
1 2.80 1.41
1 1.42 1.68
1 2.86 2.12
1 1.20 0.78
1 1.14 0.42
1 -0.48 0.22
1 1.64 2.37
1 1.56 0.73
1 1.57 1.20
1 2.43 0.60
1 0.47 -0.76
1 1.24 1.47
1 -0.49 0.58
1 0.94 0.65
1 1.48 1.24
1 0.55 0.58
1 1.35 0.04
1 1.45 0.49
1 -1.21 0.98
1 1.34 1.25
1 0.47 0.97
1 2.05 1.95
1 1.23 0.30
1 1.54 1.70
1 1.28 0.60
1 -1.29 -0.61
1 1.26 0.46
1 1.87 0.08
1 0.69 1.10
1 1.43 0.32
1 2.31 0.62
1 -0.22 0.55
1 0.63 -0.93
1 3.00 1.49
1 1.30 1.35
1 1.34 1.57
1 1.33 0.87
1 0.49 -0.61
1 3.00 2.07
1 1.78 0.89
1 2.01 2.31
1 -1.19 -0.34
1 1.12 1.46
1 1.06 0.87
1 1.52 1.45
1 1.74 1.97
1 0.85 0.91
1 0.79 1.85
1 1.94 1.52
1 0.64 -0.06
1 0.21 -0.01
1 2.73 2.48
1 2.62 3.26
1 1.86 1.99
1 1.45 1.05
1 2.01 0.60
1 2.14 1.01
1 1.83 0.53
1 1.52 0.79
1 2.79 1.64
1 1.19 1.02
1 3.30 1.07
1 0.44 0.35
1 0.74 0.56
1 1.95 1.26
1 0.96 0.78
1 0.34 2.80
1 1.32 1.40
1 0.11 0.79
1 1.13 1.88
1 0.24 1.11
1 1.89 1.12
1 1.67 1.13
1 0.84 0.48
1 2.48 2.48
1 -0.43 1.26
1 1.36 0.91
1 0.32 1.94
1 2.02 0.02
1 0.44 1.23
1 1.57 1.93
1 0.49 1.09
1 -0.57 1.05
1 0.23 0.15
1 1.59 0.45
1 0.59 1.45
1 1.44 0.20
1 1.01 0.63
1 0.05 -0.30
1 0.37 0.86
1 2.31 1.08
1 0.70 0.10
1 -0.33 -0.03
1 1.25 0.80
1 1.13 1.34
1 1.26 1.61
1 1.31 2.34
1 2.27 0.07
1 1.62 1.34
1 1.42 2.90
1 -0.38 -0.60
1 0.42 0.46
1 1.52 2.02
1 -0.55 1.18
1 0.76 0.55
1 0.91 1.11
1 0.66 -0.12
1 3.09 1.91
1 2.27 1.90
1 2.04 1.06
1 0.12 0.72
1 1.85 1.04
1 1.70 2.30
1 2.36 3.31
1 1.38 0.48
1 -1.50 -1.44
1 0.84 0.70
1 0.30 0.25
1 0.73 -0.03
1 1.83 1.53
1 1.16 1.06
1 1.58 2.13
1 1.87 -0.50
1 1.15 2.25
1 0.04 1.34
1 -0.34 0.61
1 1.81 2.13
1 2.11 1.22
1 0.10 0.87
1 1.25 2.41
1 0.27 0.42
1 1.82 0.46
1 1.23 0.82
1 -0.54 2.57
1 1.95 2.21
1 0.66 0.20
1 3.27 3.01
1 1.74 1.90
1 0.99 1.35
1 2.91 0.54
1 -0.37 0.38
1 1.16 0.52
1 0.56 -0.30
1 0.65 1.43
1 0.25 -0.46
1 0.17 1.26
1 2.16 0.47
1 0.08 2.18
1 3.08 4.20
1 0.04 -0.28
1 1.61 1.32
1 0.94 -1.03
1 2.13 1.86
1 -0.30 1.54
1 0.75 1.92
1 1.83 2.20
1 0.34 0.40
1 0.12 0.75
1 1.71 0.86
1 0.02 0.18
1 1.11 0.21
1 -0.51 0.62
1 -0.07 0.05
1 0.80 -0.22
1 1.13 1.31
1 0.62 1.47
1 1.89 2.26
1 1.16 0.47
1 0.73 1.03
1 0.85 -0.76
1 -0.62 0.09
1 0.84 0.95
1 1.00 0.64
1 1.31 1.98
1 0.24 0.39
1 2.19 0.34
1 0.03 1.15
1 3.14 0.30
1 0.59 -0.41
1 1.95 1.28
1 1.14 -0.41
1 1.49 -0.47
1 2.20 1.62
1 0.53 0.66
1 1.27 1.47
1 -0.36 -0.32
1 0.30 1.71
1 0.22 1.19
1 0.16 -0.75
1 -1.85 -1.31
1 1.19 1.07
1 2.17 3.19
1 1.08 1.12
1 -0.01 0.92
1 0.48 1.59
1 1.72 2.47
1 2.14 1.74
1 1.08 2.31
1 0.81 3.24
1 2.61 1.86
1 1.10 0.27
1 2.77 1.01
1 0.86 1.32
1 2.34 2.62
1 1.91 2.30
1 0.78 -0.48
1 0.95 -1.15
1 1.57 1.44
1 0.41 -0.31
1 0.70 0.35
1 -0.08 0.62
1 1.49 -0.29
1 -0.04 1.73
1 -0.11 -0.42
1 1.46 0.55
1 0.53 0.01
1 -0.07 -0.17
1 -1.02 0.59
1 2.14 1.09
1 1.21 1.27
1 -0.16 0.14
1 1.09 0.82
1 -0.37 0.32
1 0.71 -0.37
1 0.49 1.18
1 1.07 2.25
1 1.57 2.89
1 2.31 1.24
1 1.11 1.29
1 0.39 -1.61
1 0.88 0.87
1 1.02 1.37
1 0.99 0.44
1 1.60 1.69
1 0.86 0.19
1 0.46 0.23
1 -0.16 0.12
1 0.64 0.99
1 0.76 1.40
1 -0.02 -1.11
1 0.90 0.59
1 0.83 1.17
1 0.71 -0.81
1 2.42 2.77
1 0.91 0.91
1 -0.72 0.21
1 0.75 -0.15
1 1.80 0.87
1 1.24 1.16
1 -0.23 0.27
1 0.58 -0.00
1 0.63 0.46
1 0.97 0.43
1 1.07 1.95
1 2.20 1.63
1 1.71 -0.17
1 1.01 1.76
1 2.39 1.92
1 -1.53 1.14
1 -1.06 0.66
1 2.93 3.22
1 0.52 0.40
1 0.99 1.28
1 1.57 -0.14
1 1.08 1.37
1 1.63 1.46
1 0.70 1.01
1 1.71 0.61
1 1.03 0.59
1 1.07 0.77
1 0.02 0.23
1 1.14 1.04
1 1.84 2.71
1 3.54 3.25
1 0.12 0.46
1 0.73 1.46
1 1.02 -0.09
1 0.08 0.97
1 0.85 0.25
1 2.05 1.48
1 2.43 1.04
1 0.88 1.62
1 1.77 2.02
1 0.27 0.93
1 0.34 0.77
1 0.21 1.13
1 -0.03 1.54
1 -0.74 0.83
1 0.53 1.09
1 0.51 0.78
1 1.73 1.30
1 2.93 0.79
1 1.70 1.55
1 0.42 0.49
1 1.78 0.95
1 3.73 2.61
1 -0.02 0.95
1 1.46 0.42
1 0.91 1.76
1 0.21 1.22
1 0.82 1.43
1 -1.52 -0.79
1 0.28 0.43
1 1.33 1.99
1 1.31 0.13
1 -0.13 0.97
1 1.19 0.39
1 0.92 0.56
1 2.92 2.83
1 1.42 2.70
1 0.59 1.27
1 1.21 1.19
1 -0.26 0.60
1 2.43 2.16
1 0.56 -0.90
1 3.02 3.92
1 1.30 -0.37
1 2.06 1.60
1 2.69 2.51
1 0.30 -0.60
1 2.00 2.94
1 2.31 2.56
1 0.65 -1.14
1 1.25 0.54
1 0.57 -1.06
1 -1.01 -1.05
1 1.26 0.35
1 2.71 1.69
1 -0.38 1.13
1 1.06 2.65
1 0.31 1.01
1 0.04 1.57
1 1.26 2.14
1 1.50 1.30
1 2.53 1.04
1 0.94 0.54
1 0.37 0.60
1 -0.65 0.47
1 1.57 0.26
1 0.62 -0.44
1 3.54 2.47
1 1.75 2.10
1 1.81 1.57
1 0.02 -0.60
1 -0.07 0.32
1 0.05 -1.37
1 2.53 2.47
1 2.35 2.25
1 0.29 0.61
1 1.55 1.33
1 1.39 0.82
1 1.55 2.05
1 -0.19 -0.65
1 1.70 2.69
1 2.18 1.85
1 0.81 0.88
1 -0.43 0.48
1 1.49 3.20
1 0.63 2.03
1 3.17 0.50
1 0.01 -0.40
1 1.16 0.94
1 -0.41 0.54
1 0.20 1.20
1 3.04 4.21
1 0.80 1.49
1 -0.93 -1.03
1 1.62 0.23
1 1.49 1.06
1 1.51 1.31
1 0.74 -0.02
1 1.30 -0.41
1 -0.04 0.10
1 0.64 -0.49
1 0.05 -0.36
1 1.44 1.20
1 1.59 2.91
1 0.32 -0.33
1 0.44 0.73
1 0.27 -0.18
1 3.21 0.95
1 1.09 0.44
1 2.46 1.48
1 1.38 1.72
1 1.00 1.30
1 -0.68 1.02
1 0.23 0.79
1 1.89 2.14
1 2.08 2.07
1 1.94 1.94
1 2.17 1.63
1 1.05 2.29
1 0.63 0.27
1 1.26 1.53
1 2.84 2.20
1 0.85 2.25
1 2.27 2.39
1 -0.72 -1.06
1 -0.72 -1.03
1 1.50 1.33
1 0.78 -1.31
1 2.51 2.07
1 0.91 1.55
1 2.91 0.72
1 1.91 0.36
1 -0.22 1.42
1 2.09 0.78
1 0.53 2.07
1 2.63 1.88
1 0.57 1.64
1 2.60 2.64
1 2.39 1.27
1 0.21 0.49
1 2.88 2.28
1 -0.10 0.23
1 -0.59 0.58
1 1.70 0.34
1 1.38 0.13
1 1.18 0.61
1 0.03 0.55
1 1.16 0.70
1 1.90 1.09
1 0.92 1.93
1 1.15 0.97
1 0.56 1.13
1 -0.48 1.63
1 0.40 0.28
1 0.73 -0.11
1 -0.16 -1.44
1 1.34 1.19
1 0.82 0.37
1 1.17 0.30
1 1.77 1.02
1 1.80 -0.64
1 0.09 0.58
1 -0.34 -0.25
1 -0.87 0.62
1 0.51 0.88
1 1.56 2.73
1 -0.77 0.49
1 1.67 2.76
1 0.45 0.70
1 -0.71 1.25
1 1.44 1.84
1 2.46 0.02
1 1.71 2.40
1 -0.12 1.37
1 -0.13 0.43
1 0.68 2.32
1 -0.38 0.52
1 2.90 1.70
1 0.51 -0.04
1 2.28 1.82
1 -0.60 0.47
1 -1.04 0.57
1 -0.59 0.37
1 1.04 0.32
1 0.59 0.38
1 0.88 2.06
1 -0.28 -0.96
1 -0.13 -0.88
1 0.12 0.46
1 -0.14 -0.27
1 1.51 1.58
1 2.42 2.11
1 0.64 0.06
1 2.87 1.47
1 -0.37 0.33
1 0.64 0.06
1 1.19 1.95
1 -0.86 0.72
1 0.68 -0.52
1 2.84 2.93
1 2.23 1.76
1 -0.61 0.23
1 0.52 -0.01
1 0.16 1.65
1 0.43 1.34
1 0.45 1.93
1 1.17 1.48
1 -0.49 0.10
1 -0.10 -0.02
1 2.36 0.85
1 0.20 -0.66
1 -1.47 0.71
1 0.17 1.49
1 0.35 1.11
1 1.29 1.03
1 0.55 -0.28
1 -0.31 2.30
1 -0.67 0.61
1 1.73 1.35
1 1.94 0.85
1 1.48 0.79
1 1.44 1.58
1 -0.19 0.47
1 2.63 1.94
1 0.81 1.03
1 0.25 0.24
1 1.37 0.97
1 0.90 0.84
1 0.36 1.25
1 2.13 0.49
1 2.17 2.64
1 1.24 0.47
1 0.38 1.59
1 0.91 1.30
1 2.06 2.94
1 2.41 3.01
1 -0.18 0.17
1 1.87 -0.11
1 0.42 0.95
1 0.58 2.94
1 1.96 1.16
1 1.58 0.78
1 1.28 2.27
1 1.40 1.32
1 1.25 1.45
1 2.09 2.81
1 0.19 1.56
1 0.16 1.05
1 0.60 2.02
1 -0.55 0.82
1 -1.07 -1.77
1 0.90 -0.38
1 3.66 2.33
1 0.88 -0.29
1 0.45 0.77
1 -0.71 -0.41
1 -0.91 0.01
1 -0.23 0.91
1 -0.36 1.47
1 -1.28 1.43
1 3.02 1.07
1 0.65 0.13
1 1.56 -0.34
1 -0.78 -0.14
1 1.36 1.15
1 2.45 0.83
1 1.38 0.08
1 0.48 -0.10
1 1.57 1.34
1 1.14 1.16
1 -0.42 0.01
1 -0.17 -0.90
1 1.14 1.21
1 2.08 0.28
1 3.81 2.89
1 1.45 1.01
1 0.92 1.32
1 1.69 1.78
1 1.13 -0.98
1 0.81 0.40
1 -1.28 0.50
1 1.21 1.74
1 0.78 1.73
1 0.65 0.75
1 3.27 1.38
1 2.42 1.36
1 1.14 -0.62
1 1.93 1.40
1 2.63 1.70
1 1.70 2.42
1 2.32 0.75
1 1.06 0.69
1 1.25 0.94
1 1.75 1.41
1 -0.33 -0.67
1 2.17 1.44
1 0.60 0.58
1 0.46 -0.55
1 0.57 1.81
1 2.43 1.87
1 -0.32 1.19
1 0.77 0.18
1 2.08 1.66
1 0.04 0.52
1 -0.70 1.41
1 -0.05 1.12
1 1.36 1.29
1 0.70 0.61
1 0.30 1.86
1 1.46 -0.14
1 1.44 1.17
1 0.34 1.93
1 1.68 1.06
1 0.82 0.54
1 2.29 1.33
1 2.49 2.67
1 1.43 0.90
1 -0.58 0.47
1 1.46 0.19
1 1.32 1.59
1 1.78 1.01
1 -0.04 0.82
1 3.76 1.47
1 -0.01 1.33
1 1.42 1.77
1 -0.11 0.27
1 -0.83 0.58
1 -0.06 0.15
1 1.34 1.16
1 0.62 1.73
1 1.33 1.54
1 -0.65 1.57
1 1.76 1.75
1 0.79 0.07
1 1.94 0.78
1 2.00 2.80
1 1.21 0.12
1 1.67 0.83
1 2.19 2.16
1 1.43 1.65
1 0.78 -0.02
1 -0.20 -0.51
1 1.30 1.94
1 1.46 1.71
1 0.37 1.12
1 -0.51 -1.03
1 -0.39 1.58
1 1.38 1.37
1 1.53 0.94
1 0.89 1.50
1 3.84 3.27
1 0.22 0.37
1 2.04 0.66
1 2.47 1.39
1 2.19 1.73
1 2.08 2.34
1 -1.60 -1.01
1 1.16 0.78
1 1.81 1.44
1 1.17 2.19
1 0.94 0.40
1 1.57 -0.20
1 0.50 0.26
1 0.46 0.65
1 1.53 1.26
1 1.46 1.85
1 1.57 0.64
1 1.39 1.53
1 0.84 -0.71
1 1.03 2.06
1 0.13 -0.48
1 0.80 0.32
1 1.95 1.95
1 -0.10 0.23
1 0.95 2.19
1 0.62 1.28
1 1.22 1.53
1 1.87 -0.04
1 0.61 0.30
1 -0.42 0.50
1 0.94 1.00
1 -0.03 -1.65
1 1.66 1.17
1 1.69 0.67
1 0.38 1.43
1 1.34 0.37
1 1.68 1.30
1 1.90 0.80
1 -0.26 -0.16
1 -0.00 0.77
1 1.77 1.50
1 2.54 -0.03
1 2.74 2.78
1 -0.28 1.21
1 2.03 1.17
1 -0.49 -1.12
1 0.24 0.37
1 0.23 1.63
1 1.13 0.91
1 0.50 1.45
1 0.62 1.05
1 -0.16 2.13
1 1.01 1.76
1 -1.45 1.70
1 0.99 -1.15
1 1.72 1.79
1 3.45 2.49
1 1.30 0.37
1 0.79 1.99
1 0.19 1.21
1 0.52 0.71
1 0.70 0.61
1 -0.03 0.17
1 1.06 1.30
1 1.11 0.29
1 1.12 -0.98
1 -0.26 0.85
1 1.43 1.55
1 2.65 2.15
1 1.60 1.49
1 0.69 0.24
1 0.79 1.69
1 0.37 1.30
1 2.47 1.60
1 0.74 1.87
1 1.20 1.76
1 0.85 -0.16
1 1.66 1.11
1 1.69 1.87
1 1.40 1.30
1 0.19 1.40
1 2.80 3.31
1 1.52 0.27
1 1.75 1.05
1 -0.92 0.44
1 0.45 -0.40
1 1.05 0.95
1 0.19 0.86
1 1.31 2.03
1 2.04 3.30
1 1.95 2.48
1 2.59 0.85
1 1.26 0.13
1 0.57 1.05
1 1.46 1.18
1 2.75 0.85
1 0.92 1.12
1 2.55 1.80
1 0.47 1.10
1 2.65 1.05
1 5.04 2.88
1 -0.82 0.94
1 3.51 1.84
1 0.30 0.25
1 1.38 1.10
1 2.07 3.68
1 1.16 2.23
1 0.51 0.95
1 1.27 0.56
1 1.30 1.54
1 0.31 0.91
1 3.50 2.97
1 0.55 0.87
1 0.80 2.04
1 1.29 1.23
1 -0.77 -0.72
1 0.39 -0.24
1 -1.07 0.74
1 -0.37 -1.11
1 0.62 -1.28
1 2.99 1.95
1 1.58 -0.63
1 1.43 1.45
1 0.65 -1.01
1 2.33 1.92
1 1.37 0.98
1 -0.16 -0.75
1 1.45 0.77
1 1.98 1.63
1 -1.21 -0.95
1 1.94 1.96
