01 Jun 2010	0	0	0	0
02 Jun 2010	0	0	0	0
03 Jun 2010	0	0	0	0
04 Jun 2010	0	0	0	0
05 Jun 2010	0	0	0	0
06 Jun 2010	0	0	0	0
07 Jun 2010	0	0	0	0
08 Jun 2010	0	0	0	0
09 Jun 2010	0	0	0	0
10 Jun 2010	0	0	0	0
11 Jun 2010	0	0	0	0
12 Jun 2010	0	0	0	0
13 Jun 2010	0	0	0	0
14 Jun 2010	0	0	0	0
15 Jun 2010	0	0	0	0
16 Jun 2010	0	0	0	0
17 Jun 2010	1	5	30	160.32 KB
18 Jun 2010	0	0	0	0
19 Jun 2010	0	0	0	0
20 Jun 2010	0	0	0	0
21 Jun 2010	1	7	46	255.15 KB
22 Jun 2010	3	11	59	633.60 KB
23 Jun 2010	1	3	36	92.48 KB
24 Jun 2010	1	3	36	92.70 KB
25 Jun 2010	1	5	16	550.90 KB
26 Jun 2010	1	1	9	145.20 KB
27 Jun 2010	0	0	0	0
28 Jun 2010	1	1	9	145.23 KB
29 Jun 2010	3	6	49	616.60 KB
30 Jun 2010	0	0	0	0
01 Jul 2010	0	0	0	0
02 Jul 2010	0	0	0	0
03 Jul 2010	0	0	0	0
04 Jul 2010	0	0	0	0
05 Jul 2010	0	0	0	0
06 Jul 2010	1	3	13	939.88 KB
07 Jul 2010	1	3	14	537.15 KB
08 Jul 2010	0	0	0	0
09 Jul 2010	2	3	18	299.76 KB
10 Jul 2010	1	1	9	145.24 KB
11 Jul 2010	0	0	0	0
12 Jul 2010	0	0	0	0
13 Jul 2010	0	0	0	0
14 Jul 2010	0	0	0	0
15 Jul 2010	0	0	0	0
16 Jul 2010	1	7	56	641.60 KB
17 Jul 2010	1	31	98	391.98 KB
18 Jul 2010	0	0	0	0
19 Jul 2010	0	0	0	0
20 Jul 2010	3	44	95	772.88 KB
21 Jul 2010	1	1	1	7.94 KB
22 Jul 2010	5	44	264	1013.63 KB
23 Jul 2010	5	21	71	810.22 KB
24 Jul 2010	3	19	84	848.29 KB
25 Jul 2010	2	4	49	113.51 KB
26 Jul 2010	3	18	56	1.12 MB
27 Jul 2010	2	3	14	171.69 KB
28 Jul 2010	1	1	9	145.59 KB
29 Jul 2010	1	14	34	782.64 KB
30 Jul 2010	3	12	36	574.10 KB
31 Jul 2010	3	3	18	306.57 KB
01 Aug 2010	4	5	33	604.56 KB
02 Aug 2010	2	2	19	713.14 KB
03 Aug 2010	2	3	10	186.00 KB
04 Aug 2010	1	1	9	145.62 KB
05 Aug 2010	1	1	8	164.15 KB
06 Aug 2010	1	2	12	517.50 KB
07 Aug 2010	0	0	0	0
08 Aug 2010	0	0	0	0
09 Aug 2010	2	2	16	328.23 KB
10 Aug 2010	1	3	49	103.48 KB
11 Aug 2010	1	1	11	288.17 KB
12 Aug 2010	4	15	114	701.38 KB
13 Aug 2010	2	2	10	145.62 KB
14 Aug 2010	3	3	29	511.12 KB
15 Aug 2010	1	1	1	7.87 KB
16 Aug 2010	1	2	12	229.01 KB
17 Aug 2010	1	1	3	19.86 KB
18 Aug 2010	4	6	79	623.69 KB
19 Aug 2010	6	25	74	1.22 MB
20 Aug 2010	8	25	107	768.74 KB
21 Aug 2010	2	7	37	979.66 KB
22 Aug 2010	2	6	32	887.80 KB
23 Aug 2010	6	6	56	1.07 MB
24 Aug 2010	7	21	75	1.67 MB
25 Aug 2010	4	8	51	1.27 MB
26 Aug 2010	2	2	17	366.72 KB
27 Aug 2010	5	15	104	1.59 MB
28 Aug 2010	5	5	42	822.81 KB
29 Aug 2010	3	8	20	288.24 KB
30 Aug 2010	1	2	12	520.38 KB
31 Aug 2010	5	27	54	880.33 KB
01 Sep 2010	3	5	44	255.04 KB
02 Sep 2010	5	13	57	1.17 MB
03 Sep 2010	3	10	84	694.26 KB
04 Sep 2010	2	7	23	367.31 KB
05 Sep 2010	3	5	69	573.33 KB
06 Sep 2010	4	5	38	705.73 KB
07 Sep 2010	4	18	60	1.20 MB
08 Sep 2010	8	11	111	1.44 MB
09 Sep 2010	9	36	136	2.60 MB
10 Sep 2010	6	27	104	1.81 MB
11 Sep 2010	3	3	33	768.96 KB
12 Sep 2010	3	4	22	388.67 KB
13 Sep 2010	9	36	139	2.69 MB
14 Sep 2010	7	16	71	1.15 MB
15 Sep 2010	12	40	194	2.82 MB
16 Sep 2010	9	15	118	1.12 MB
17 Sep 2010	16	22	118	2.76 MB
18 Sep 2010	1	1	1	9.63 KB
19 Sep 2010	3	4	16	216.64 KB
20 Sep 2010	9	10	60	1.49 MB
21 Sep 2010	10	30	91	1.23 MB
22 Sep 2010	12	33	126	2.53 MB
23 Sep 2010	10	16	76	1.71 MB
24 Sep 2010	8	14	55	929.78 KB
25 Sep 2010	7	9	61	1.42 MB
26 Sep 2010	6	8	36	786.39 KB
27 Sep 2010	12	21	139	1.61 MB
28 Sep 2010	10	18	70	1.02 MB
29 Sep 2010	13	15	96	1.83 MB
30 Sep 2010	14	28	125	2.47 MB
01 Oct 2010	11	11	96	2.21 MB
02 Oct 2010	5	7	25	291.84 KB
03 Oct 2010	5	5	47	971.40 KB
04 Oct 2010	8	15	79	1.88 MB
05 Oct 2010	15	23	128	2.23 MB
06 Oct 2010	15	31	133	3.00 MB
07 Oct 2010	12	28	85	1.51 MB
08 Oct 2010	7	19	56	1.03 MB
09 Oct 2010	8	15	63	1.57 MB
10 Oct 2010	10	16	136	1.57 MB
11 Oct 2010	9	17	71	1.05 MB
12 Oct 2010	5	11	57	1.40 MB
13 Oct 2010	2	7	15	202.39 KB
14 Oct 2010	12	27	103	1.46 MB
15 Oct 2010	14	25	132	3.04 MB
16 Oct 2010	9	34	98	1.64 MB
17 Oct 2010	6	10	99	1.16 MB
18 Oct 2010	9	16	81	1.51 MB
19 Oct 2010	16	29	134	2.84 MB
20 Oct 2010	13	20	118	2.41 MB
21 Oct 2010	16	32	204	3.21 MB
22 Oct 2010	14	23	182	2.81 MB
23 Oct 2010	4	14	31	575.58 KB
24 Oct 2010	7	10	76	1.98 MB
25 Oct 2010	9	10	71	1.23 MB
26 Oct 2010	14	15	102	2.39 MB
27 Oct 2010	13	20	97	1.88 MB
28 Oct 2010	9	13	120	1.48 MB
29 Oct 2010	15	33	180	2.57 MB
30 Oct 2010	3	8	36	862.45 KB
31 Oct 2010	6	8	17	237.81 KB
01 Nov 2010	8	21	154	2.02 MB
02 Nov 2010	11	17	89	1.73 MB
03 Nov 2010	8	14	64	1.32 MB
04 Nov 2010	10	13	140	1.90 MB
05 Nov 2010	11	17	98	1.90 MB
06 Nov 2010	10	32	116	1.91 MB
07 Nov 2010	6	12	56	894.92 KB
08 Nov 2010	14	31	147	2.81 MB
09 Nov 2010	21	50	216	4.08 MB
10 Nov 2010	7	26	94	1.63 MB
11 Nov 2010	23	43	187	3.33 MB
12 Nov 2010	20	72	294	4.92 MB
13 Nov 2010	12	25	92	1.96 MB
14 Nov 2010	12	16	103	2.27 MB
15 Nov 2010	21	31	259	3.67 MB
16 Nov 2010	22	39	264	4.25 MB
17 Nov 2010	31	47	304	4.64 MB
18 Nov 2010	19	41	220	4.38 MB
19 Nov 2010	21	34	226	4.73 MB
20 Nov 2010	10	22	86	1.60 MB
21 Nov 2010	5	10	63	1.26 MB
22 Nov 2010	9	16	91	2.23 MB
23 Nov 2010	16	55	287	4.95 MB
24 Nov 2010	23	44	205	3.65 MB
25 Nov 2010	19	50	234	4.65 MB
26 Nov 2010	20	29	228	3.28 MB
27 Nov 2010	17	17	146	3.36 MB
28 Nov 2010	16	23	237	2.97 MB
29 Nov 2010	21	40	265	5.09 MB
30 Nov 2010	12	25	121	2.20 MB
01 Dec 2010	14	21	180	3.23 MB
02 Dec 2010	9	12	146	2.29 MB
03 Dec 2010	13	19	107	1.72 MB
04 Dec 2010	2	5	79	595.79 KB
05 Dec 2010	2	3	28	558.85 KB
06 Dec 2010	12	17	209	2.32 MB
07 Dec 2010	13	17	164	2.33 MB
08 Dec 2010	17	69	225	3.29 MB
09 Dec 2010	8	18	134	1.79 MB
10 Dec 2010	12	22	133	2.69 MB
11 Dec 2010	9	12	67	1.69 MB
12 Dec 2010	4	14	65	1.46 MB
13 Dec 2010	15	76	358	4.88 MB
14 Dec 2010	15	55	282	4.51 MB
15 Dec 2010	16	29	171	3.47 MB
16 Dec 2010	6	7	52	973.10 KB
17 Dec 2010	10	33	178	2.62 MB
18 Dec 2010	6	7	48	899.11 KB
19 Dec 2010	6	11	46	806.86 KB
20 Dec 2010	18	32	159	3.79 MB
21 Dec 2010	22	50	203	3.54 MB
22 Dec 2010	18	48	283	4.02 MB
23 Dec 2010	23	52	214	4.67 MB
24 Dec 2010	10	15	61	1.22 MB
25 Dec 2010	9	15	51	821.10 KB
26 Dec 2010	18	41	124	2.32 MB
27 Dec 2010	19	28	163	3.38 MB
28 Dec 2010	20	56	256	3.77 MB
29 Dec 2010	39	92	407	6.86 MB
30 Dec 2010	17	35	146	2.26 MB
31 Dec 2010	21	33	145	2.66 MB
01 Jan 2011	10	22	114	1.57 MB
02 Jan 2011	26	40	163	3.99 MB
03 Jan 2011	23	47	255	4.77 MB
04 Jan 2011	22	32	172	2.91 MB
05 Jan 2011	38	81	388	7.34 MB
06 Jan 2011	28	52	236	4.55 MB
07 Jan 2011	35	61	349	6.88 MB
08 Jan 2011	23	70	329	4.13 MB
09 Jan 2011	26	43	221	5.27 MB
10 Jan 2011	37	84	298	5.57 MB
11 Jan 2011	33	60	374	5.99 MB
12 Jan 2011	29	43	293	5.11 MB
13 Jan 2011	35	60	357	5.67 MB
14 Jan 2011	36	87	370	6.36 MB
15 Jan 2011	26	57	294	5.30 MB
16 Jan 2011	33	48	251	5.41 MB
17 Jan 2011	37	59	409	6.70 MB
18 Jan 2011	42	72	343	6.60 MB
19 Jan 2011	45	131	539	10.13 MB
20 Jan 2011	41	75	433	7.47 MB
21 Jan 2011	48	101	416	8.20 MB
22 Jan 2011	39	79	405	6.65 MB
23 Jan 2011	37	50	255	4.77 MB
24 Jan 2011	30	63	301	6.20 MB
25 Jan 2011	33	65	336	7.42 MB
26 Jan 2011	42	77	448	7.64 MB
27 Jan 2011	41	96	589	9.29 MB
28 Jan 2011	61	133	651	11.53 MB
29 Jan 2011	44	110	521	9.35 MB
30 Jan 2011	43	112	476	8.83 MB
31 Jan 2011	68	211	856	13.26 MB
01 Feb 2011	62	128	726	10.56 MB
02 Feb 2011	66	161	798	14.95 MB
03 Feb 2011	55	188	953	14.96 MB
04 Feb 2011	66	169	820	14.01 MB
05 Feb 2011	37	115	424	9.03 MB
06 Feb 2011	54	105	558	9.42 MB
07 Feb 2011	54	108	550	10.94 MB
08 Feb 2011	53	143	680	11.91 MB
09 Feb 2011	64	151	766	13.84 MB
10 Feb 2011	88	230	1,101	21.23 MB
11 Feb 2011	59	114	727	13.81 MB
12 Feb 2011	47	97	697	10.82 MB
13 Feb 2011	55	124	632	12.24 MB
14 Feb 2011	93	227	1,143	23.47 MB
15 Feb 2011	71	152	884	15.64 MB
16 Feb 2011	66	152	861	17.13 MB
17 Feb 2011	83	156	889	17.94 MB
18 Feb 2011	67	122	722	14.67 MB
19 Feb 2011	62	150	753	14.44 MB
20 Feb 2011	50	92	534	10.27 MB
21 Feb 2011	77	286	1,185	25.65 MB
22 Feb 2011	70	139	872	15.90 MB
23 Feb 2011	80	188	941	18.96 MB
24 Feb 2011	99	234	1,404	29.12 MB
25 Feb 2011	64	104	742	15.56 MB
26 Feb 2011	47	86	602	10.76 MB
27 Feb 2011	41	78	478	9.06 MB
28 Feb 2011	77	140	849	15.54 MB
01 Mar 2011	111	239	1,369	30.08 MB
02 Mar 2011	90	296	1,291	24.49 MB
03 Mar 2011	89	201	1,004	19.77 MB
04 Mar 2011	90	218	1,192	19.69 MB
05 Mar 2011	84	196	1,013	21.97 MB
06 Mar 2011	53	92	506	11.35 MB
07 Mar 2011	114	189	1,149	21.36 MB
08 Mar 2011	105	216	1,328	26.74 MB
09 Mar 2011	104	206	1,185	21.26 MB
10 Mar 2011	93	191	1,027	16.33 MB
11 Mar 2011	83	152	889	17.57 MB
12 Mar 2011	79	157	845	14.04 MB
13 Mar 2011	51	87	536	12.19 MB
14 Mar 2011	97	157	878	16.55 MB
15 Mar 2011	115	243	1,385	28.49 MB
16 Mar 2011	99	280	1,373	29.50 MB
17 Mar 2011	96	181	993	19.86 MB
18 Mar 2011	75	169	847	19.06 MB
19 Mar 2011	56	105	590	11.16 MB
20 Mar 2011	76	262	1,219	25.59 MB
21 Mar 2011	92	216	1,071	22.18 MB
22 Mar 2011	103	209	1,372	25.66 MB
23 Mar 2011	107	224	1,147	22.36 MB
24 Mar 2011	93	210	1,188	24.96 MB
25 Mar 2011	83	172	873	16.85 MB
26 Mar 2011	60	93	546	8.57 MB
27 Mar 2011	57	130	660	13.02 MB
28 Mar 2011	96	202	1,050	21.17 MB
29 Mar 2011	114	245	1,361	26.51 MB
30 Mar 2011	97	254	1,350	27.59 MB
31 Mar 2011	100	217	1,170	21.92 MB
01 Apr 2011	120	229	1,412	27.49 MB
02 Apr 2011	64	132	688	13.39 MB
03 Apr 2011	70	177	805	15.07 MB
04 Apr 2011	122	196	1,233	26.02 MB
05 Apr 2011	90	178	1,065	20.06 MB
06 Apr 2011	86	163	911	17.86 MB
07 Apr 2011	86	152	756	14.15 MB
08 Apr 2011	31	63	344	6.61 MB
09 Apr 2011	41	117	426	9.38 MB
10 Apr 2011	60	145	809	17.08 MB
11 Apr 2011	32	60	410	7.63 MB
12 Apr 2011	129	255	1,488	27.13 MB
13 Apr 2011	101	187	1,088	21.92 MB
14 Apr 2011	124	228	1,437	25.12 MB
15 Apr 2011	108	252	1,288	25.92 MB
16 Apr 2011	87	148	939	20.07 MB
17 Apr 2011	89	148	1,057	21.26 MB
18 Apr 2011	135	268	1,524	29.06 MB
19 Apr 2011	124	177	1,432	26.65 MB
20 Apr 2011	126	257	1,559	27.46 MB
21 Apr 2011	139	285	1,751	33.67 MB
22 Apr 2011	107	295	1,547	28.23 MB
23 Apr 2011	81	156	878	17.82 MB
24 Apr 2011	63	165	915	19.94 MB
25 Apr 2011	130	316	1,623	43.50 MB
26 Apr 2011	141	306	1,739	39.87 MB
27 Apr 2011	152	248	1,628	42.80 MB
28 Apr 2011	156	249	1,668	43.62 MB
29 Apr 2011	132	231	1,555	48.06 MB
30 Apr 2011	99	192	1,114	33.34 MB
01 May 2011	70	150	818	25.10 MB
02 May 2011	156	299	1,697	49.41 MB
03 May 2011	127	286	1,422	35.41 MB
04 May 2011	171	369	2,105	51.47 MB
05 May 2011	154	286	1,760	44.14 MB
06 May 2011	132	282	1,511	41.47 MB
07 May 2011	100	181	1,103	31.57 MB
08 May 2011	89	186	1,005	29.82 MB
09 May 2011	132	274	1,694	46.67 MB
10 May 2011	161	297	1,764	55.42 MB
11 May 2011	144	342	1,852	38.24 MB
12 May 2011	167	339	2,087	64.97 MB
13 May 2011	156	322	1,870	47.55 MB
14 May 2011	87	184	1,037	30.18 MB
15 May 2011	82	153	994	33.16 MB
16 May 2011	134	239	1,544	43.34 MB
17 May 2011	152	271	1,745	55.21 MB
18 May 2011	142	346	1,831	48.78 MB
19 May 2011	148	246	1,649	48.95 MB
20 May 2011	159	316	1,951	60.13 MB
21 May 2011	83	194	984	32.59 MB
22 May 2011	77	117	732	32.53 MB
23 May 2011	153	268	1,534	52.02 MB
24 May 2011	152	309	1,664	61.32 MB
25 May 2011	159	314	1,916	53.83 MB
26 May 2011	133	253	1,444	43.01 MB
27 May 2011	159	349	1,937	65.01 MB
28 May 2011	103	181	1,112	49.25 MB
29 May 2011	84	194	883	38.52 MB
30 May 2011	118	210	1,364	43.58 MB
31 May 2011	185	322	1,986	61.67 MB
01 Jun 2011	145	287	1,604	45.95 MB
02 Jun 2011	153	348	1,626	51.27 MB
03 Jun 2011	154	223	1,482	45.52 MB
04 Jun 2011	93	197	1,106	37.42 MB
05 Jun 2011	97	197	1,034	39.04 MB
06 Jun 2011	137	264	1,494	47.25 MB
07 Jun 2011	159	422	2,009	64.00 MB
08 Jun 2011	150	297	1,550	52.42 MB
09 Jun 2011	147	394	1,993	73.55 MB
10 Jun 2011	121	245	1,298	38.74 MB
11 Jun 2011	95	207	1,021	30.28 MB
12 Jun 2011	102	225	1,114	41.75 MB
13 Jun 2011	160	328	1,860	59.33 MB
14 Jun 2011	189	395	2,073	72.32 MB
15 Jun 2011	182	440	2,340	80.01 MB
16 Jun 2011	198	477	2,416	83.29 MB
17 Jun 2011	208	499	2,471	76.92 MB
18 Jun 2011	146	336	1,690	75.48 MB
19 Jun 2011	117	395	1,878	75.56 MB
20 Jun 2011	188	436	2,351	73.55 MB
21 Jun 2011	189	412	2,372	83.39 MB
22 Jun 2011	191	425	2,455	88.01 MB
23 Jun 2011	195	347	2,226	83.97 MB
24 Jun 2011	164	352	2,015	76.06 MB
25 Jun 2011	96	221	1,235	45.63 MB
26 Jun 2011	88	203	1,126	38.80 MB
27 Jun 2011	184	424	2,147	87.31 MB
28 Jun 2011	195	449	2,492	79.15 MB
29 Jun 2011	182	476	2,249	69.97 MB
30 Jun 2011	194	455	2,485	75.88 MB
01 Jul 2011	141	266	1,513	52.66 MB
02 Jul 2011	87	237	1,181	40.33 MB
03 Jul 2011	89	216	1,247	48.70 MB
04 Jul 2011	157	322	1,869	73.84 MB
05 Jul 2011	187	420	2,312	87.42 MB
06 Jul 2011	185	378	2,363	87.67 MB
07 Jul 2011	190	384	2,070	73.50 MB
08 Jul 2011	190	484	2,921	103.07 MB
09 Jul 2011	114	280	1,431	50.50 MB
10 Jul 2011	92	201	1,042	31.87 MB
11 Jul 2011	153	307	1,861	65.48 MB
12 Jul 2011	212	397	2,387	99.15 MB
13 Jul 2011	191	361	2,133	92.77 MB
14 Jul 2011	202	409	2,272	75.20 MB
15 Jul 2011	184	350	1,942	71.32 MB
16 Jul 2011	147	296	1,747	63.87 MB
17 Jul 2011	130	272	1,536	50.16 MB
18 Jul 2011	237	428	2,816	91.93 MB
19 Jul 2011	228	439	2,551	95.19 MB
20 Jul 2011	228	442	2,593	92.20 MB
21 Jul 2011	233	459	2,832	99.16 MB
22 Jul 2011	228	412	2,432	93.92 MB
23 Jul 2011	114	218	1,228	41.79 MB
24 Jul 2011	99	224	1,124	43.94 MB
25 Jul 2011	237	419	2,624	95.88 MB
26 Jul 2011	234	457	2,573	90.91 MB
27 Jul 2011	235	466	2,651	88.02 MB
28 Jul 2011	237	446	2,679	90.69 MB
29 Jul 2011	233	526	2,653	87.78 MB
30 Jul 2011	135	268	1,433	57.19 MB
31 Jul 2011	119	312	1,379	51.06 MB
01 Aug 2011	243	601	3,123	97.32 MB
02 Aug 2011	280	490	2,766	101.02 MB
03 Aug 2011	223	490	2,621	79.79 MB
04 Aug 2011	271	588	3,201	110.16 MB
05 Aug 2011	233	399	2,406	92.52 MB
06 Aug 2011	154	381	1,744	56.16 MB
07 Aug 2011	162	398	1,989	67.41 MB
08 Aug 2011	258	611	3,428	112.40 MB
09 Aug 2011	277	555	3,217	96.41 MB
10 Aug 2011	242	592	2,871	78.72 MB
11 Aug 2011	245	507	2,987	74.49 MB
12 Aug 2011	210	416	2,308	77.85 MB
13 Aug 2011	114	250	1,311	47.42 MB
14 Aug 2011	159	433	2,119	77.16 MB
15 Aug 2011	203	416	2,340	71.88 MB
16 Aug 2011	231	478	2,638	93.18 MB
17 Aug 2011	237	489	2,645	77.50 MB
18 Aug 2011	231	471	2,685	79.27 MB
19 Aug 2011	213	466	2,532	70.00 MB
20 Aug 2011	153	268	1,590	42.22 MB
21 Aug 2011	150	300	1,758	59.15 MB
22 Aug 2011	228	484	2,671	84.40 MB
23 Aug 2011	226	472	2,565	75.99 MB
24 Aug 2011	236	472	2,539	81.69 MB
25 Aug 2011	281	613	3,262	103.33 MB
26 Aug 2011	249	494	2,555	77.61 MB
27 Aug 2011	158	353	1,669	52.94 MB
28 Aug 2011	135	271	1,498	48.82 MB
29 Aug 2011	286	570	3,264	124.51 MB
30 Aug 2011	291	674	3,317	126.34 MB
31 Aug 2011	255	620	3,261	109.08 MB
01 Sep 2011	268	491	2,683	84.06 MB
02 Sep 2011	247	458	2,696	82.46 MB
03 Sep 2011	125	297	1,484	46.57 MB
04 Sep 2011	146	360	2,273	101.17 MB
05 Sep 2011	220	397	2,417	70.32 MB
06 Sep 2011	267	767	3,555	112.49 MB
07 Sep 2011	249	516	2,825	82.26 MB
08 Sep 2011	280	604	3,331	85.67 MB
09 Sep 2011	291	789	3,553	91.29 MB
10 Sep 2011	169	359	1,855	45.83 MB
11 Sep 2011	183	431	2,123	68.53 MB
12 Sep 2011	285	634	3,451	92.61 MB
13 Sep 2011	318	567	3,682	111.56 MB
14 Sep 2011	290	593	3,283	105.82 MB
15 Sep 2011	293	513	3,051	93.57 MB
16 Sep 2011	260	562	3,250	97.67 MB
17 Sep 2011	178	312	1,733	46.37 MB
18 Sep 2011	191	318	2,039	61.82 MB
19 Sep 2011	293	688	3,235	98.09 MB
20 Sep 2011	329	638	3,621	103.49 MB
21 Sep 2011	330	649	4,123	130.53 MB
22 Sep 2011	318	624	3,413	98.77 MB
23 Sep 2011	299	569	3,376	94.95 MB
24 Sep 2011	179	292	1,823	64.06 MB
25 Sep 2011	158	264	1,535	65.36 MB
26 Sep 2011	305	525	3,321	104.15 MB
27 Sep 2011	284	490	3,338	105.84 MB
28 Sep 2011	302	532	3,311	107.07 MB
29 Sep 2011	291	609	3,692	111.46 MB
30 Sep 2011	255	510	3,066	95.45 MB
01 Oct 2011	172	362	2,110	78.29 MB
02 Oct 2011	176	363	2,045	64.38 MB
03 Oct 2011	293	526	3,164	100.83 MB
04 Oct 2011	292	565	3,606	107.77 MB
05 Oct 2011	296	502	3,093	97.35 MB
06 Oct 2011	288	604	3,458	104.89 MB
07 Oct 2011	289	609	3,520	105.46 MB
08 Oct 2011	201	356	2,068	57.53 MB
09 Oct 2011	207	359	2,150	52.71 MB
10 Oct 2011	305	581	3,673	111.94 MB
11 Oct 2011	340	671	3,946	104.91 MB
12 Oct 2011	344	556	3,543	89.81 MB
13 Oct 2011	370	668	4,220	119.26 MB
14 Oct 2011	405	728	4,145	111.72 MB
15 Oct 2011	195	382	1,987	51.73 MB
16 Oct 2011	208	345	1,966	59.87 MB
17 Oct 2011	379	612	4,077	116.93 MB
18 Oct 2011	390	653	4,271	107.33 MB
19 Oct 2011	404	715	4,549	124.37 MB
20 Oct 2011	355	613	3,863	105.47 MB
21 Oct 2011	315	557	3,556	95.49 MB
22 Oct 2011	202	442	2,573	72.53 MB
23 Oct 2011	221	416	2,329	75.45 MB
24 Oct 2011	383	722	4,612	120.52 MB
25 Oct 2011	406	814	4,917	143.88 MB
26 Oct 2011	362	636	4,098	116.34 MB
27 Oct 2011	350	627	4,298	129.91 MB
28 Oct 2011	337	627	3,612	92.74 MB
29 Oct 2011	254	515	3,156	89.65 MB
30 Oct 2011	271	499	3,278	94.60 MB
31 Oct 2011	354	710	4,332	129.53 MB
01 Nov 2011	393	706	4,557	132.35 MB
02 Nov 2011	393	720	4,745	120.18 MB
03 Nov 2011	403	777	4,532	139.54 MB
04 Nov 2011	373	729	4,308	129.55 MB
05 Nov 2011	239	520	2,764	77.34 MB
06 Nov 2011	242	455	2,561	71.31 MB
07 Nov 2011	390	760	4,368	126.35 MB
08 Nov 2011	417	797	4,962	123.07 MB
09 Nov 2011	413	803	4,830	145.22 MB
10 Nov 2011	356	675	3,915	127.67 MB
11 Nov 2011	330	597	3,630	134.01 MB
12 Nov 2011	206	395	2,328	64.19 MB
13 Nov 2011	214	419	2,422	82.25 MB
14 Nov 2011	363	709	3,983	121.66 MB
15 Nov 2011	395	1,141	4,585	119.70 MB
16 Nov 2011	433	1,021	5,389	150.20 MB
17 Nov 2011	388	763	4,380	110.19 MB
18 Nov 2011	367	730	4,021	133.01 MB
19 Nov 2011	238	448	2,664	66.92 MB
20 Nov 2011	259	465	2,649	84.33 MB
21 Nov 2011	433	16,830	20,906	353.52 MB
22 Nov 2011	400	7,456	11,022	221.85 MB
23 Nov 2011	400	822	4,298	117.94 MB
24 Nov 2011	369	790	4,206	121.48 MB
25 Nov 2011	306	684	3,777	124.14 MB
26 Nov 2011	249	688	2,972	94.14 MB
27 Nov 2011	231	499	2,673	76.55 MB
28 Nov 2011	390	709	4,537	132.90 MB
29 Nov 2011	425	763	4,531	135.50 MB
30 Nov 2011	402	785	4,947	142.87 MB
01 Dec 2011	391	665	4,180	120.47 MB
02 Dec 2011	343	669	3,854	112.92 MB
03 Dec 2011	269	607	3,164	90.84 MB
04 Dec 2011	239	564	2,916	89.21 MB
05 Dec 2011	431	857	4,827	167.65 MB
06 Dec 2011	416	876	4,912	172.62 MB
07 Dec 2011	421	803	4,338	129.45 MB
08 Dec 2011	362	705	3,977	116.83 MB
09 Dec 2011	332	694	3,600	104.27 MB
10 Dec 2011	234	469	2,446	78.41 MB
11 Dec 2011	253	458	2,461	74.74 MB
12 Dec 2011	364	729	4,017	117.34 MB
13 Dec 2011	390	776	4,384	122.72 MB
14 Dec 2011	407	764	4,120	130.83 MB
15 Dec 2011	400	728	4,235	131.92 MB
16 Dec 2011	353	634	3,696	119.57 MB
17 Dec 2011	247	428	2,378	72.11 MB
18 Dec 2011	260	465	2,721	95.38 MB
19 Dec 2011	359	808	4,129	126.02 MB
20 Dec 2011	446	881	4,849	152.97 MB
21 Dec 2011	372	1,152	4,499	120.99 MB
22 Dec 2011	383	721	3,953	123.69 MB
23 Dec 2011	286	533	3,083	99.41 MB
24 Dec 2011	197	391	1,958	69.37 MB
25 Dec 2011	177	339	1,636	46.76 MB
26 Dec 2011	229	486	2,412	76.59 MB
27 Dec 2011	291	658	3,432	104.71 MB
28 Dec 2011	309	609	3,202	90.63 MB
29 Dec 2011	329	702	3,716	124.98 MB
30 Dec 2011	274	618	3,190	85.52 MB
31 Dec 2011	203	509	2,405	87.54 MB
01 Jan 2012	181	382	2,101	65.52 MB
02 Jan 2012	319	675	3,657	125.19 MB
03 Jan 2012	332	816	4,228	133.68 MB
04 Jan 2012	366	847	4,621	149.23 MB
05 Jan 2012	357	715	4,010	142.65 MB
06 Jan 2012	377	756	4,069	126.11 MB
07 Jan 2012	321	907	4,308	110.23 MB
08 Jan 2012	287	686	3,427	130.87 MB
09 Jan 2012	413	967	4,955	167.10 MB
10 Jan 2012	834	2,234	10,917	321.28 MB
11 Jan 2012	790	2,092	9,722	284.13 MB
12 Jan 2012	594	1,401	7,298	215.32 MB
13 Jan 2012	445	1,109	5,319	148.45 MB
14 Jan 2012	344	1,539	4,479	123.97 MB
15 Jan 2012	343	792	3,651	112.08 MB
16 Jan 2012	460	1,075	5,347	146.50 MB
17 Jan 2012	509	1,169	6,613	189.90 MB
18 Jan 2012	531	5,376	10,131	232.85 MB
19 Jan 2012	579	5,304	10,711	268.25 MB
20 Jan 2012	490	1,002	5,561	177.08 MB
21 Jan 2012	334	823	3,571	110.97 MB
22 Jan 2012	358	757	3,784	128.71 MB
23 Jan 2012	499	964	5,409	155.13 MB
24 Jan 2012	534	1,202	6,321	206.15 MB
25 Jan 2012	584	1,190	6,847	225.53 MB
26 Jan 2012	481	995	5,956	208.30 MB
27 Jan 2012	559	1,140	6,457	251.44 MB
28 Jan 2012	330	744	3,773	130.91 MB
29 Jan 2012	397	779	4,518	145.17 MB
30 Jan 2012	512	1,079	6,162	195.28 MB
31 Jan 2012	589	1,637	7,410	207.48 MB
01 Feb 2012	585	1,180	7,167	218.12 MB
02 Feb 2012	534	1,143	6,656	193.28 MB
03 Feb 2012	502	1,111	6,548	200.50 MB
04 Feb 2012	381	708	4,369	125.60 MB
05 Feb 2012	380	870	4,755	147.55 MB
06 Feb 2012	562	1,251	6,914	209.03 MB
07 Feb 2012	612	1,361	7,530	263.06 MB
08 Feb 2012	660	1,358	8,119	251.47 MB
09 Feb 2012	641	1,257	7,258	235.37 MB
10 Feb 2012	549	1,173	6,228	198.87 MB
11 Feb 2012	400	829	4,336	148.01 MB
12 Feb 2012	420	1,050	5,445	190.61 MB
13 Feb 2012	615	1,219	7,338	226.49 MB
14 Feb 2012	586	1,320	7,926	260.84 MB
15 Feb 2012	606	1,547	8,265	268.66 MB
16 Feb 2012	570	1,104	6,818	204.26 MB
17 Feb 2012	600	1,337	7,326	216.74 MB
18 Feb 2012	484	1,026	5,540	191.67 MB
19 Feb 2012	461	897	5,280	165.48 MB
20 Feb 2012	613	1,263	7,085	249.70 MB
21 Feb 2012	666	1,628	9,075	285.70 MB
22 Feb 2012	672	1,295	7,857	264.93 MB
23 Feb 2012	666	1,426	8,055	224.40 MB
24 Feb 2012	649	1,480	7,743	225.75 MB
25 Feb 2012	407	873	4,701	136.55 MB
26 Feb 2012	320	612	3,654	125.44 MB
27 Feb 2012	715	1,417	8,428	273.31 MB
28 Feb 2012	706	1,460	8,255	247.98 MB
29 Feb 2012	676	1,367	8,161	250.75 MB
01 Mar 2012	691	1,423	8,618	257.50 MB
02 Mar 2012	568	1,325	7,628	236.97 MB
03 Mar 2012	397	910	5,077	158.81 MB
04 Mar 2012	462	1,017	5,819	162.86 MB
05 Mar 2012	604	1,198	7,482	220.59 MB
06 Mar 2012	737	1,479	8,935	265.75 MB
07 Mar 2012	689	1,418	8,851	249.04 MB
08 Mar 2012	647	1,330	8,493	280.60 MB
09 Mar 2012	617	1,257	7,782	254.40 MB
10 Mar 2012	426	867	4,812	141.39 MB
11 Mar 2012	407	823	5,188	158.92 MB
12 Mar 2012	685	1,383	7,832	218.95 MB
13 Mar 2012	743	1,788	9,217	267.85 MB
14 Mar 2012	697	1,325	8,416	224.67 MB
15 Mar 2012	707	31,666	39,095	493.02 MB
16 Mar 2012	617	40,128	46,326	621.99 MB
17 Mar 2012	449	47,013	51,488	683.14 MB
18 Mar 2012	451	902	5,447	184.57 MB
19 Mar 2012	734	1,572	8,956	244.08 MB
20 Mar 2012	781	1,433	9,475	276.16 MB
21 Mar 2012	832	1,890	10,947	306.05 MB
22 Mar 2012	876	1,612	10,452	301.19 MB
23 Mar 2012	775	1,621	10,293	276.17 MB
24 Mar 2012	486	1,034	6,277	182.73 MB
25 Mar 2012	532	971	6,354	211.27 MB
26 Mar 2012	903	1,808	11,206	333.15 MB
27 Mar 2012	882	1,884	11,105	319.48 MB
28 Mar 2012	967	2,020	11,886	311.20 MB
29 Mar 2012	935	1,987	11,421	337.69 MB
30 Mar 2012	889	1,700	11,042	344.26 MB
31 Mar 2012	604	1,384	8,277	271.77 MB
01 Apr 2012	623	1,299	8,169	273.10 MB
02 Apr 2012	1,001	2,005	12,708	396.50 MB
03 Apr 2012	1,133	2,231	14,477	526.35 MB
04 Apr 2012	979	2,413	12,762	382.25 MB
05 Apr 2012	932	1,856	11,412	324.78 MB
06 Apr 2012	774	1,651	9,963	288.89 MB
07 Apr 2012	557	1,161	6,696	195.31 MB
08 Apr 2012	596	1,211	7,055	212.21 MB
09 Apr 2012	799	1,608	9,891	258.83 MB
10 Apr 2012	969	1,815	11,778	338.48 MB
11 Apr 2012	916	1,685	11,822	343.09 MB
12 Apr 2012	898	1,560	10,763	284.83 MB
13 Apr 2012	905	1,716	10,693	316.68 MB
14 Apr 2012	606	1,139	7,462	230.65 MB
15 Apr 2012	636	1,070	7,349	209.99 MB
16 Apr 2012	977	1,970	12,499	368.32 MB
17 Apr 2012	1,013	1,761	12,538	329.15 MB
18 Apr 2012	990	2,128	12,931	348.79 MB
19 Apr 2012	1,148	2,258	14,569	392.46 MB
20 Apr 2012	886	1,763	10,805	281.03 MB
21 Apr 2012	554	1,096	6,844	192.07 MB
22 Apr 2012	587	1,200	7,229	218.48 MB
23 Apr 2012	873	1,560	10,436	290.83 MB
24 Apr 2012	917	1,776	11,219	304.73 MB
25 Apr 2012	805	1,448	9,840	244.21 MB
26 Apr 2012	850	1,633	10,474	314.81 MB
27 Apr 2012	789	1,535	9,608	262.40 MB
28 Apr 2012	451	777	4,819	136.26 MB
29 Apr 2012	453	1,815	6,226	165.79 MB
30 Apr 2012	575	1,365	7,776	225.95 MB
01 May 2012	540	1,111	6,240	179.09 MB
02 May 2012	576	1,122	7,350	212.94 MB
03 May 2012	654	1,376	7,851	237.04 MB
04 May 2012	616	1,107	6,749	204.12 MB
05 May 2012	377	800	4,542	129.22 MB
06 May 2012	415	809	4,803	142.84 MB
07 May 2012	561	1,116	7,304	210.65 MB
08 May 2012	635	1,452	8,613	246.23 MB
09 May 2012	581	1,201	7,758	224.28 MB
10 May 2012	590	1,106	7,166	224.06 MB
11 May 2012	561	1,193	7,448	217.55 MB
12 May 2012	363	704	4,167	129.75 MB
13 May 2012	411	694	4,510	146.17 MB
14 May 2012	565	1,175	7,104	215.65 MB
15 May 2012	660	1,298	8,164	247.92 MB
16 May 2012	681	1,366	8,565	228.53 MB
17 May 2012	591	1,165	7,234	230.43 MB
18 May 2012	542	1,155	6,982	203.84 MB
19 May 2012	406	895	4,500	136.90 MB
20 May 2012	419	883	5,259	172.37 MB
21 May 2012	615	1,243	7,487	217.98 MB
22 May 2012	686	1,337	8,478	233.72 MB
23 May 2012	650	1,177	7,652	207.46 MB
24 May 2012	670	1,515	8,894	253.29 MB
25 May 2012	557	1,187	7,412	194.23 MB
26 May 2012	379	667	4,624	132.57 MB
27 May 2012	364	757	4,202	134.77 MB
28 May 2012	514	859	5,546	165.37 MB
29 May 2012	650	1,683	8,237	244.05 MB
30 May 2012	648	1,154	8,011	218.27 MB
31 May 2012	635	1,339	8,491	225.45 MB
01 Jun 2012	576	1,123	7,172	202.24 MB
02 Jun 2012	356	854	4,501	130.29 MB
03 Jun 2012	445	1,055	5,483	174.40 MB
04 Jun 2012	558	1,079	6,799	206.85 MB
05 Jun 2012	671	1,351	8,015	246.15 MB
06 Jun 2012	584	1,198	7,471	213.82 MB
07 Jun 2012	560	1,301	7,526	218.37 MB
08 Jun 2012	533	1,238	6,950	202.89 MB
09 Jun 2012	320	718	4,384	146.66 MB
10 Jun 2012	269	511	3,233	96.86 MB
11 Jun 2012	467	1,199	6,305	187.98 MB
12 Jun 2012	521	1,003	6,212	178.90 MB
13 Jun 2012	484	1,003	6,022	167.38 MB
14 Jun 2012	481	1,209	6,155	206.90 MB
15 Jun 2012	485	949	6,018	207.35 MB
16 Jun 2012	283	558	3,651	115.03 MB
17 Jun 2012	276	512	3,081	87.46 MB
18 Jun 2012	455	936	5,550	146.97 MB
19 Jun 2012	464	887	5,235	160.25 MB
20 Jun 2012	501	860	5,667	173.29 MB
21 Jun 2012	488	875	5,845	158.57 MB
22 Jun 2012	412	809	5,083	166.90 MB
23 Jun 2012	310	831	4,277	123.83 MB
24 Jun 2012	298	585	3,923	110.02 MB
25 Jun 2012	499	980	5,969	187.28 MB
26 Jun 2012	491	948	6,054	165.94 MB
27 Jun 2012	509	947	6,467	180.92 MB
28 Jun 2012	535	950	5,746	159.43 MB
29 Jun 2012	463	897	5,380	154.62 MB
30 Jun 2012	332	534	3,125	97.34 MB
01 Jul 2012	313	709	3,841	114.10 MB
02 Jul 2012	445	825	4,930	128.70 MB
03 Jul 2012	435	781	5,073	153.40 MB
04 Jul 2012	415	810	4,705	136.09 MB
05 Jul 2012	500	892	5,827	151.72 MB
06 Jul 2012	466	986	5,868	161.28 MB
07 Jul 2012	294	539	3,412	122.17 MB
08 Jul 2012	273	521	3,005	103.66 MB
09 Jul 2012	515	1,093	6,720	183.90 MB
10 Jul 2012	515	1,198	6,511	198.35 MB
11 Jul 2012	556	1,370	7,259	205.85 MB
12 Jul 2012	470	881	5,588	148.68 MB
13 Jul 2012	480	946	6,247	168.67 MB
14 Jul 2012	292	619	3,348	117.94 MB
15 Jul 2012	302	635	3,625	126.63 MB
16 Jul 2012	473	908	5,596	152.50 MB
17 Jul 2012	491	1,027	6,039	189.07 MB
18 Jul 2012	557	1,071	6,620	209.03 MB
19 Jul 2012	511	907	5,764	177.36 MB
20 Jul 2012	484	861	5,457	160.72 MB
21 Jul 2012	352	742	4,297	122.80 MB
22 Jul 2012	331	719	4,209	142.69 MB
23 Jul 2012	501	1,083	6,013	184.14 MB
24 Jul 2012	504	1,017	6,046	176.33 MB
25 Jul 2012	497	1,106	6,709	214.92 MB
26 Jul 2012	572	1,161	6,669	196.73 MB
27 Jul 2012	482	1,028	5,644	156.80 MB
28 Jul 2012	303	852	3,849	114.58 MB
29 Jul 2012	322	690	4,003	123.41 MB
30 Jul 2012	456	951	5,535	174.38 MB
31 Jul 2012	494	1,032	5,810	169.24 MB
01 Aug 2012	496	909	5,667	168.03 MB
02 Aug 2012	501	1,265	6,345	175.90 MB
03 Aug 2012	438	946	5,608	152.76 MB
04 Aug 2012	283	511	2,980	95.90 MB
05 Aug 2012	288	597	3,720	100.27 MB
06 Aug 2012	485	927	6,191	207.09 MB
07 Aug 2012	549	1,308	7,551	236.82 MB
08 Aug 2012	511	962	6,358	247.45 MB
09 Aug 2012	503	926	6,046	179.03 MB
10 Aug 2012	474	877	5,373	166.19 MB
11 Aug 2012	279	503	3,121	96.20 MB
12 Aug 2012	291	601	3,228	121.35 MB
13 Aug 2012	552	1,078	6,608	214.18 MB
14 Aug 2012	613	1,286	7,472	247.09 MB
15 Aug 2012	512	926	6,165	196.55 MB
16 Aug 2012	546	1,220	7,402	223.69 MB
17 Aug 2012	532	1,080	6,681	201.84 MB
18 Aug 2012	321	634	3,847	123.51 MB
19 Aug 2012	424	750	4,504	129.10 MB
20 Aug 2012	529	971	6,171	185.57 MB
21 Aug 2012	621	1,164	7,264	214.88 MB
22 Aug 2012	632	1,017	6,731	189.27 MB
23 Aug 2012	622	1,304	7,778	226.81 MB
24 Aug 2012	508	999	6,418	197.18 MB
25 Aug 2012	366	660	3,890	123.75 MB
26 Aug 2012	351	578	3,598	129.72 MB
27 Aug 2012	603	1,463	7,522	228.04 MB
28 Aug 2012	639	1,292	7,616	243.86 MB
29 Aug 2012	596	1,059	7,116	233.34 MB
30 Aug 2012	596	1,017	6,858	245.05 MB
31 Aug 2012	520	991	5,963	208.77 MB
01 Sep 2012	354	650	3,922	135.79 MB
02 Sep 2012	387	707	4,524	156.78 MB
03 Sep 2012	508	1,148	6,677	219.18 MB
04 Sep 2012	634	1,224	7,318	233.81 MB
05 Sep 2012	617	1,188	7,414	214.57 MB
06 Sep 2012	604	1,203	7,560	234.28 MB
07 Sep 2012	558	1,021	6,529	229.52 MB
08 Sep 2012	368	738	4,257	156.58 MB
09 Sep 2012	445	877	5,423	201.87 MB
10 Sep 2012	621	1,171	7,915	269.22 MB
11 Sep 2012	609	951	6,798	231.37 MB
12 Sep 2012	696	1,313	8,597	240.92 MB
13 Sep 2012	685	1,381	8,710	290.90 MB
14 Sep 2012	573	1,115	7,138	235.14 MB
15 Sep 2012	367	793	4,691	152.17 MB
16 Sep 2012	414	931	5,446	189.90 MB
17 Sep 2012	668	1,186	7,833	230.30 MB
18 Sep 2012	715	1,489	9,481	295.27 MB
19 Sep 2012	739	1,437	8,960	296.76 MB
20 Sep 2012	757	1,369	8,713	297.64 MB
21 Sep 2012	638	1,338	8,060	270.67 MB
22 Sep 2012	434	1,019	5,634	184.64 MB
23 Sep 2012	459	848	5,586	211.63 MB
24 Sep 2012	692	1,325	8,280	279.06 MB
25 Sep 2012	753	1,423	9,242	293.72 MB
26 Sep 2012	862	1,536	10,288	316.35 MB
27 Sep 2012	872	1,644	10,173	321.20 MB
28 Sep 2012	756	1,463	8,995	309.32 MB
29 Sep 2012	501	1,010	5,860	197.31 MB
30 Sep 2012	486	1,003	5,696	203.69 MB
01 Oct 2012	770	1,498	9,389	314.33 MB
02 Oct 2012	726	1,614	9,903	298.63 MB
03 Oct 2012	806	1,596	10,277	337.63 MB
04 Oct 2012	824	1,383	9,649	284.39 MB
05 Oct 2012	766	1,394	9,078	271.72 MB
06 Oct 2012	492	917	5,583	189.39 MB
07 Oct 2012	516	997	6,184	195.90 MB
08 Oct 2012	755	1,358	8,993	301.94 MB
09 Oct 2012	815	1,481	9,585	274.35 MB
10 Oct 2012	876	1,683	11,257	332.13 MB
11 Oct 2012	915	1,794	10,773	337.49 MB
12 Oct 2012	833	1,377	9,808	301.52 MB
13 Oct 2012	529	1,002	6,342	211.27 MB
14 Oct 2012	551	929	6,085	188.34 MB
15 Oct 2012	827	1,304	9,513	293.37 MB
16 Oct 2012	887	1,551	10,516	332.19 MB
17 Oct 2012	923	1,603	11,364	352.24 MB
18 Oct 2012	825	1,310	9,459	316.28 MB
19 Oct 2012	817	1,374	9,468	296.36 MB
20 Oct 2012	523	1,007	5,728	187.93 MB
21 Oct 2012	554	1,139	7,018	234.17 MB
22 Oct 2012	868	1,596	10,279	319.32 MB
23 Oct 2012	979	1,702	11,611	372.80 MB
24 Oct 2012	888	1,641	11,167	340.97 MB
25 Oct 2012	912	1,742	10,947	351.25 MB
26 Oct 2012	855	1,666	10,235	327.46 MB
27 Oct 2012	573	1,054	6,369	182.63 MB
28 Oct 2012	645	1,228	7,263	250.07 MB
29 Oct 2012	864	1,487	10,126	295.08 MB
30 Oct 2012	838	1,405	9,938	283.10 MB
31 Oct 2012	908	1,628	11,238	376.53 MB
01 Nov 2012	802	1,345	9,297	280.61 MB
02 Nov 2012	832	1,452	10,028	355.08 MB
03 Nov 2012	539	1,059	6,095	205.80 MB
04 Nov 2012	595	1,065	6,672	246.46 MB
05 Nov 2012	842	1,543	10,074	316.50 MB
06 Nov 2012	907	1,869	12,075	386.95 MB
07 Nov 2012	858	1,506	10,531	318.12 MB
08 Nov 2012	924	1,789	11,791	371.09 MB
09 Nov 2012	829	1,538	10,026	304.08 MB
10 Nov 2012	528	873	6,005	174.31 MB
11 Nov 2012	607	1,163	7,314	224.62 MB
12 Nov 2012	923	1,599	10,730	407.84 MB
13 Nov 2012	946	1,732	11,279	360.36 MB
14 Nov 2012	923	1,680	10,724	345.05 MB
15 Nov 2012	878	1,517	9,749	325.19 MB
16 Nov 2012	821	1,442	8,913	306.43 MB
17 Nov 2012	592	1,303	7,239	257.02 MB
18 Nov 2012	643	1,210	7,670	230.66 MB
19 Nov 2012	892	1,524	10,304	347.03 MB
20 Nov 2012	927	1,709	11,165	316.93 MB
21 Nov 2012	871	1,411	9,996	316.14 MB
22 Nov 2012	818	1,505	9,466	295.28 MB
23 Nov 2012	780	1,390	8,775	295.52 MB
24 Nov 2012	631	1,463	7,571	251.70 MB
25 Nov 2012	663	1,346	7,881	254.09 MB
26 Nov 2012	904	1,625	10,675	330.12 MB
27 Nov 2012	960	1,734	11,617	342.01 MB
28 Nov 2012	1,014	2,025	12,655	378.48 MB
29 Nov 2012	971	1,795	11,396	340.55 MB
30 Nov 2012	855	1,562	9,726	297.11 MB
01 Dec 2012	570	979	6,111	204.61 MB
02 Dec 2012	584	999	6,310	211.43 MB
03 Dec 2012	864	1,549	10,237	311.47 MB
04 Dec 2012	960	1,652	11,433	347.34 MB
05 Dec 2012	927	1,767	11,314	346.97 MB
06 Dec 2012	901	1,530	10,649	337.14 MB
07 Dec 2012	841	1,489	9,682	278.14 MB
08 Dec 2012	583	1,044	6,745	222.42 MB
09 Dec 2012	593	1,119	6,598	201.51 MB
10 Dec 2012	904	1,723	11,209	328.08 MB
11 Dec 2012	881	1,585	10,412	326.49 MB
12 Dec 2012	985	1,773	11,336	324.85 MB
13 Dec 2012	1,032	1,747	11,849	346.15 MB
14 Dec 2012	827	1,446	8,895	279.79 MB
15 Dec 2012	520	1,063	5,977	187.67 MB
16 Dec 2012	603	1,199	6,800	223.62 MB
17 Dec 2012	886	1,553	10,452	327.29 MB
18 Dec 2012	839	1,549	10,061	312.43 MB
19 Dec 2012	831	1,610	10,472	303.70 MB
20 Dec 2012	817	1,361	9,185	296.99 MB
21 Dec 2012	681	1,265	7,864	254.53 MB
22 Dec 2012	463	931	5,434	166.16 MB
23 Dec 2012	521	1,031	6,237	209.77 MB
24 Dec 2012	483	912	5,633	175.55 MB
25 Dec 2012	426	891	4,807	169.50 MB
26 Dec 2012	552	1,196	6,669	209.04 MB
27 Dec 2012	630	1,254	7,682	221.32 MB
28 Dec 2012	554	1,032	6,446	230.28 MB
29 Dec 2012	418	1,004	5,250	181.59 MB
30 Dec 2012	468	957	5,646	200.18 MB
31 Dec 2012	496	1,106	6,200	212.21 MB
01 Jan 2013	423	925	5,039	145.87 MB
02 Jan 2013	678	1,565	8,347	248.78 MB
03 Jan 2013	743	1,305	9,253	249.47 MB
04 Jan 2013	711	1,652	9,463	303.72 MB
05 Jan 2013	523	1,092	6,212	211.13 MB
06 Jan 2013	535	1,024	6,224	195.57 MB
07 Jan 2013	775	1,655	10,712	286.17 MB
08 Jan 2013	863	1,457	9,292	280.49 MB
09 Jan 2013	873	1,561	10,061	309.68 MB
10 Jan 2013	889	1,630	10,395	317.78 MB
11 Jan 2013	778	1,583	9,359	291.26 MB
12 Jan 2013	622	977	6,409	196.30 MB
13 Jan 2013	604	1,079	6,781	240.58 MB
14 Jan 2013	911	1,798	11,156	348.65 MB
15 Jan 2013	953	1,655	10,533	321.75 MB
16 Jan 2013	913	1,653	10,417	297.37 MB
17 Jan 2013	857	1,959	10,632	317.45 MB
18 Jan 2013	886	1,456	10,507	305.73 MB
19 Jan 2013	556	885	6,114	183.71 MB
20 Jan 2013	611	1,067	6,873	205.15 MB
21 Jan 2013	875	1,524	10,101	299.26 MB
22 Jan 2013	962	1,599	10,908	349.22 MB
23 Jan 2013	903	1,595	10,249	306.45 MB
24 Jan 2013	974	1,707	11,303	329.07 MB
25 Jan 2013	974	1,749	11,819	345.78 MB
26 Jan 2013	638	1,280	7,368	211.57 MB
27 Jan 2013	645	1,465	8,010	244.40 MB
28 Jan 2013	949	1,798	11,629	357.91 MB
29 Jan 2013	970	1,753	11,586	387.15 MB
30 Jan 2013	988	1,965	12,885	363.01 MB
31 Jan 2013	933	1,738	10,685	351.31 MB
01 Feb 2013	960	1,852	11,450	372.72 MB
02 Feb 2013	612	1,235	6,941	210.65 MB
03 Feb 2013	638	1,144	7,481	242.44 MB
04 Feb 2013	898	1,540	10,332	335.15 MB
05 Feb 2013	10,854	16,430	126,799	2.13 GB
06 Feb 2013	4,745	8,157	53,631	1.03 GB
07 Feb 2013	2,146	4,092	23,588	613.78 MB
08 Feb 2013	1,870	3,112	18,852	460.25 MB
09 Feb 2013	1,192	1,931	11,417	289.17 MB
10 Feb 2013	1,046	1,857	10,962	312.01 MB
11 Feb 2013	1,380	2,232	14,590	405.72 MB
12 Feb 2013	1,386	2,429	15,354	462.99 MB
13 Feb 2013	1,378	2,217	15,280	430.91 MB
14 Feb 2013	1,250	2,159	13,820	423.49 MB
15 Feb 2013	1,119	2,037	12,518	366.40 MB
16 Feb 2013	764	1,314	8,383	269.31 MB
17 Feb 2013	860	1,437	9,115	285.96 MB
18 Feb 2013	1,329	2,295	15,198	428.31 MB
19 Feb 2013	1,405	2,312	15,283	421.10 MB
20 Feb 2013	1,304	2,356	15,763	458.27 MB
21 Feb 2013	1,349	2,267	14,558	444.44 MB
22 Feb 2013	1,097	1,876	12,246	389.79 MB
23 Feb 2013	800	1,566	9,036	286.58 MB
24 Feb 2013	805	1,424	8,717	252.98 MB
25 Feb 2013	1,127	2,142	13,348	389.71 MB
26 Feb 2013	1,122	2,042	13,065	389.13 MB
27 Feb 2013	1,170	2,190	13,552	415.10 MB
28 Feb 2013	1,192	1,990	13,422	384.73 MB
01 Mar 2013	1,010	1,773	11,139	359.00 MB
02 Mar 2013	808	1,488	8,767	257.12 MB
03 Mar 2013	729	1,388	8,431	274.97 MB
04 Mar 2013	1,143	1,813	12,330	377.21 MB
05 Mar 2013	1,125	1,890	12,312	377.19 MB
06 Mar 2013	1,103	2,013	12,645	400.47 MB
07 Mar 2013	1,164	2,011	12,834	388.95 MB
08 Mar 2013	1,060	1,788	11,788	359.05 MB
09 Mar 2013	807	1,624	9,151	258.05 MB
10 Mar 2013	824	1,436	9,093	279.26 MB
11 Mar 2013	1,134	1,940	12,004	376.23 MB
12 Mar 2013	1,171	2,362	14,538	438.84 MB
13 Mar 2013	1,155	2,125	13,239	406.14 MB
14 Mar 2013	1,049	1,839	11,924	335.93 MB
15 Mar 2013	1,090	2,099	12,683	440.36 MB
16 Mar 2013	673	1,237	7,268	214.19 MB
17 Mar 2013	828	1,509	9,485	294.69 MB
18 Mar 2013	1,105	2,568	13,750	391.55 MB
19 Mar 2013	1,216	2,415	14,538	430.55 MB
20 Mar 2013	1,168	2,273	13,805	452.92 MB
21 Mar 2013	1,098	2,104	13,141	385.62 MB
22 Mar 2013	1,026	1,841	12,076	382.45 MB
23 Mar 2013	754	1,439	8,844	299.53 MB
24 Mar 2013	795	1,462	9,215	286.77 MB
25 Mar 2013	1,081	1,801	12,513	366.23 MB
26 Mar 2013	1,196	2,051	13,235	398.28 MB
27 Mar 2013	1,070	2,073	13,218	398.26 MB
28 Mar 2013	932	1,618	10,417	347.72 MB
29 Mar 2013	908	1,631	10,263	315.41 MB
30 Mar 2013	664	1,373	7,819	246.16 MB
31 Mar 2013	635	1,620	8,502	258.30 MB
01 Apr 2013	954	1,631	10,683	320.12 MB
02 Apr 2013	1,034	1,850	11,920	375.35 MB
03 Apr 2013	1,024	1,874	12,324	399.81 MB
04 Apr 2013	987	1,695	11,411	392.58 MB
05 Apr 2013	979	1,707	11,036	372.51 MB
06 Apr 2013	689	1,265	8,326	263.94 MB
07 Apr 2013	727	1,325	8,466	274.63 MB
08 Apr 2013	1,139	1,959	13,354	417.76 MB
09 Apr 2013	1,146	2,049	13,210	452.62 MB
10 Apr 2013	1,120	2,259	14,172	446.33 MB
11 Apr 2013	263	525	3,369	101.48 MB
12 Apr 2013	159	290	1,855	60.41 MB
13 Apr 2013	725	1,395	8,426	274.22 MB
14 Apr 2013	743	1,484	8,945	273.43 MB
15 Apr 2013	1,148	2,033	13,864	436.22 MB
16 Apr 2013	1,154	2,061	14,342	449.99 MB
17 Apr 2013	1,149	1,877	13,450	460.03 MB
18 Apr 2013	1,184	2,131	14,233	408.84 MB
19 Apr 2013	1,048	1,823	12,410	398.61 MB
20 Apr 2013	695	1,286	7,974	238.09 MB
21 Apr 2013	731	1,309	8,478	254.62 MB
22 Apr 2013	1,091	1,829	12,203	368.97 MB
23 Apr 2013	1,236	2,116	13,863	448.11 MB
24 Apr 2013	1,199	2,081	13,739	399.31 MB
25 Apr 2013	1,137	2,013	13,154	430.07 MB
26 Apr 2013	1,089	2,049	13,797	390.84 MB
27 Apr 2013	708	1,408	8,465	257.23 MB
28 Apr 2013	803	1,493	9,629	319.68 MB
29 Apr 2013	1,158	1,890	13,367	421.66 MB
30 Apr 2013	1,051	1,741	12,106	352.19 MB
01 May 2013	957	1,610	11,072	347.73 MB
02 May 2013	1,067	1,943	12,751	386.68 MB
03 May 2013	1,013	1,737	11,844	371.67 MB
04 May 2013	692	1,382	8,110	263.48 MB
05 May 2013	685	1,538	8,960	278.54 MB
06 May 2013	1,117	1,997	13,288	434.08 MB
07 May 2013	1,154	2,047	13,139	412.04 MB
08 May 2013	1,042	1,982	12,721	386.25 MB
09 May 2013	792	1,548	8,832	274.90 MB
10 May 2013	705	1,301	7,510	232.38 MB
11 May 2013	508	936	5,743	178.61 MB
12 May 2013	568	1,072	6,422	196.84 MB
13 May 2013	706	1,285	8,059	250.86 MB
14 May 2013	810	1,498	8,975	272.00 MB
15 May 2013	777	1,372	9,189	272.34 MB
16 May 2013	800	1,361	8,978	296.91 MB
17 May 2013	681	1,340	8,345	252.88 MB
18 May 2013	546	1,035	6,135	187.36 MB
19 May 2013	519	988	6,032	207.62 MB
20 May 2013	726	1,392	8,742	265.10 MB
21 May 2013	839	1,401	9,874	318.22 MB
22 May 2013	838	1,585	9,763	304.84 MB
23 May 2013	764	1,382	8,732	278.67 MB
24 May 2013	711	1,219	8,203	267.43 MB
25 May 2013	452	787	5,376	159.65 MB
26 May 2013	485	844	5,878	182.91 MB
27 May 2013	693	1,363	8,562	271.68 MB
28 May 2013	735	1,260	8,619	243.78 MB
29 May 2013	885	1,696	10,469	320.00 MB
30 May 2013	858	1,609	10,428	296.08 MB
31 May 2013	702	1,418	8,525	262.99 MB
01 Jun 2013	481	963	5,647	187.54 MB
02 Jun 2013	484	941	5,512	189.33 MB
03 Jun 2013	832	1,359	9,102	291.38 MB
04 Jun 2013	776	1,439	9,785	295.87 MB
05 Jun 2013	718	1,599	8,988	254.15 MB
06 Jun 2013	764	1,398	8,721	260.65 MB
07 Jun 2013	673	1,451	8,667	248.49 MB
08 Jun 2013	484	970	5,800	198.70 MB
09 Jun 2013	482	1,061	6,297	197.86 MB
10 Jun 2013	717	1,454	9,068	273.95 MB
11 Jun 2013	686	1,280	8,265	259.17 MB
12 Jun 2013	703	1,382	8,790	263.90 MB
13 Jun 2013	643	1,260	8,192	263.26 MB
14 Jun 2013	648	1,230	8,007	255.62 MB
15 Jun 2013	395	830	4,980	156.33 MB
16 Jun 2013	436	800	5,094	174.56 MB
17 Jun 2013	746	1,468	8,789	259.25 MB
18 Jun 2013	486	827	5,346	173.72 MB
19 Jun 2013	0	0	14	146.65 KB
20 Jun 2013	494	887	5,834	192.66 MB
21 Jun 2013	641	1,352	7,449	236.68 MB
22 Jun 2013	435	973	4,544	140.92 MB
23 Jun 2013	441	855	4,842	161.64 MB
24 Jun 2013	703	1,176	7,924	268.39 MB
25 Jun 2013	720	1,324	8,664	257.88 MB
26 Jun 2013	724	1,270	8,779	284.05 MB
27 Jun 2013	674	1,380	8,423	267.19 MB
28 Jun 2013	629	1,197	7,454	225.07 MB
29 Jun 2013	429	736	4,822	156.38 MB
30 Jun 2013	419	917	5,474	180.01 MB
01 Jul 2013	673	1,187	7,856	243.15 MB
02 Jul 2013	691	1,278	8,272	258.99 MB
03 Jul 2013	744	1,474	9,125	298.93 MB
04 Jul 2013	631	1,080	7,202	215.34 MB
05 Jul 2013	607	1,051	6,668	224.27 MB
06 Jul 2013	436	831	4,783	171.56 MB
07 Jul 2013	403	735	4,695	168.03 MB
08 Jul 2013	676	1,286	8,332	254.35 MB
09 Jul 2013	732	1,263	7,902	253.06 MB
10 Jul 2013	648	1,295	8,020	238.40 MB
11 Jul 2013	677	1,352	7,905	263.04 MB
12 Jul 2013	601	971	6,388	221.20 MB
13 Jul 2013	413	746	4,307	150.69 MB
14 Jul 2013	433	839	5,086	169.22 MB
15 Jul 2013	662	1,214	7,152	226.48 MB
16 Jul 2013	716	1,290	8,152	242.19 MB
17 Jul 2013	618	1,162	7,387	234.35 MB
18 Jul 2013	683	1,248	7,705	256.02 MB
19 Jul 2013	633	1,045	7,010	229.07 MB
20 Jul 2013	401	767	4,458	154.27 MB
21 Jul 2013	425	925	5,504	180.88 MB
22 Jul 2013	633	1,068	7,401	230.74 MB
23 Jul 2013	663	1,299	8,123	252.67 MB
24 Jul 2013	676	1,165	7,752	241.91 MB
25 Jul 2013	627	1,246	7,633	240.88 MB
26 Jul 2013	645	1,165	7,177	229.77 MB
27 Jul 2013	423	833	4,633	175.55 MB
28 Jul 2013	383	750	4,241	154.52 MB
29 Jul 2013	628	1,069	7,210	252.44 MB
30 Jul 2013	669	1,235	7,536	228.37 MB
31 Jul 2013	665	1,130	7,552	221.16 MB
01 Aug 2013	607	1,168	7,246	230.06 MB
02 Aug 2013	623	1,256	7,181	221.22 MB
03 Aug 2013	333	824	4,031	139.22 MB
04 Aug 2013	382	698	4,160	143.39 MB
05 Aug 2013	513	992	6,561	214.61 MB
06 Aug 2013	608	1,204	7,686	263.61 MB
07 Aug 2013	644	1,133	7,792	247.58 MB
08 Aug 2013	583	1,201	7,099	233.86 MB
09 Aug 2013	536	999	6,276	207.78 MB
10 Aug 2013	374	875	4,721	160.98 MB
11 Aug 2013	412	704	4,669	163.00 MB
12 Aug 2013	638	1,191	7,557	285.30 MB
13 Aug 2013	608	1,117	7,622	251.10 MB
14 Aug 2013	577	1,153	7,136	233.75 MB
15 Aug 2013	564	1,149	6,946	204.59 MB
16 Aug 2013	539	969	6,348	214.07 MB
17 Aug 2013	372	642	4,717	143.15 MB
18 Aug 2013	388	963	6,489	197.44 MB
19 Aug 2013	611	1,398	8,410	293.68 MB
20 Aug 2013	677	1,519	9,352	307.70 MB
21 Aug 2013	646	1,264	7,836	274.13 MB
22 Aug 2013	633	1,199	8,019	255.01 MB
23 Aug 2013	561	1,118	7,381	230.64 MB
24 Aug 2013	422	998	5,651	184.73 MB
25 Aug 2013	426	890	5,173	182.77 MB
26 Aug 2013	640	1,140	7,505	261.37 MB
27 Aug 2013	704	1,283	8,392	283.39 MB
28 Aug 2013	715	1,350	8,646	289.85 MB
29 Aug 2013	662	1,207	8,120	284.39 MB
30 Aug 2013	632	1,374	8,453	276.97 MB
31 Aug 2013	393	753	4,580	153.71 MB
01 Sep 2013	437	825	5,105	174.06 MB
02 Sep 2013	605	1,404	7,908	270.29 MB
03 Sep 2013	638	1,217	7,600	256.24 MB
04 Sep 2013	671	1,178	7,901	251.95 MB
05 Sep 2013	634	1,214	7,916	273.79 MB
06 Sep 2013	663	1,565	10,518	272.95 MB
07 Sep 2013	430	806	4,861	186.61 MB
08 Sep 2013	454	843	5,016	170.04 MB
09 Sep 2013	665	1,223	8,126	274.17 MB
10 Sep 2013	752	1,444	9,157	331.05 MB
11 Sep 2013	700	1,318	9,209	303.40 MB
12 Sep 2013	716	1,570	9,448	326.78 MB
13 Sep 2013	678	1,260	8,573	292.09 MB
14 Sep 2013	492	866	5,473	194.33 MB
15 Sep 2013	496	962	6,064	209.85 MB
16 Sep 2013	716	1,178	8,462	290.40 MB
17 Sep 2013	695	1,196	8,677	279.98 MB
18 Sep 2013	740	1,292	8,808	280.98 MB
19 Sep 2013	678	1,198	8,100	275.06 MB
20 Sep 2013	711	1,211	8,315	311.08 MB
21 Sep 2013	493	994	6,485	194.22 MB
22 Sep 2013	571	1,092	6,792	223.14 MB
23 Sep 2013	894	1,755	11,731	424.10 MB
24 Sep 2013	888	1,898	11,793	431.77 MB
25 Sep 2013	863	1,921	11,462	427.32 MB
26 Sep 2013	872	1,672	10,443	397.83 MB
27 Sep 2013	776	1,421	9,170	358.18 MB
28 Sep 2013	602	1,079	7,002	270.99 MB
29 Sep 2013	614	1,277	7,977	288.78 MB
30 Sep 2013	920	1,686	11,109	402.00 MB
01 Oct 2013	985	1,786	11,547	436.00 MB
02 Oct 2013	918	1,831	11,947	402.45 MB
03 Oct 2013	947	1,818	11,520	418.54 MB
04 Oct 2013	929	1,930	11,310	423.12 MB
05 Oct 2013	608	1,140	7,218	279.84 MB
06 Oct 2013	656	1,214	7,951	306.22 MB
07 Oct 2013	963	1,938	11,980	441.94 MB
08 Oct 2013	1,035	2,035	13,866	487.84 MB
09 Oct 2013	1,054	2,160	13,622	464.71 MB
10 Oct 2013	1,060	2,356	14,468	520.04 MB
11 Oct 2013	945	1,962	11,775	389.46 MB
12 Oct 2013	683	1,341	8,498	303.66 MB
13 Oct 2013	727	1,630	9,386	325.50 MB
14 Oct 2013	980	2,159	12,669	505.68 MB
15 Oct 2013	1,034	2,093	12,994	482.49 MB
16 Oct 2013	1,015	2,080	13,252	479.67 MB
17 Oct 2013	1,044	1,969	12,610	465.99 MB
18 Oct 2013	875	1,768	10,776	401.23 MB
19 Oct 2013	681	1,532	8,230	295.02 MB
20 Oct 2013	714	1,560	9,218	307.88 MB
21 Oct 2013	1,163	7,437	19,016	579.15 MB
22 Oct 2013	1,129	3,609	14,804	494.39 MB
23 Oct 2013	1,169	2,250	13,834	486.50 MB
24 Oct 2013	1,149	2,186	13,438	441.73 MB
25 Oct 2013	1,170	2,374	14,585	498.57 MB
26 Oct 2013	749	1,486	8,686	336.81 MB
27 Oct 2013	823	1,639	9,332	356.07 MB
28 Oct 2013	1,134	2,530	13,882	492.16 MB
29 Oct 2013	1,144	2,458	13,345	470.20 MB
30 Oct 2013	1,103	2,329	13,743	483.79 MB
31 Oct 2013	1,001	2,155	11,768	437.57 MB
01 Nov 2013	940	1,950	11,408	403.39 MB
02 Nov 2013	701	1,486	8,569	341.45 MB
03 Nov 2013	726	1,603	8,771	336.52 MB
04 Nov 2013	1,000	2,081	12,274	433.30 MB
05 Nov 2013	1,188	2,483	14,627	520.95 MB
06 Nov 2013	1,151	2,269	13,453	474.29 MB
07 Nov 2013	1,086	2,495	13,676	491.12 MB
08 Nov 2013	974	2,174	12,202	423.47 MB
09 Nov 2013	804	1,591	9,181	310.31 MB
10 Nov 2013	862	1,650	9,836	389.79 MB
11 Nov 2013	1,190	2,163	13,707	520.89 MB
12 Nov 2013	1,288	2,699	15,550	547.19 MB
13 Nov 2013	1,090	2,190	13,071	463.63 MB
14 Nov 2013	1,163	2,111	13,606	475.59 MB
15 Nov 2013	1,093	2,085	12,982	459.37 MB
16 Nov 2013	761	1,453	8,959	310.42 MB
17 Nov 2013	762	1,489	8,989	355.39 MB
18 Nov 2013	1,130	2,254	13,673	503.18 MB
19 Nov 2013	1,145	2,316	14,756	476.70 MB
20 Nov 2013	1,094	2,088	13,005	434.79 MB
21 Nov 2013	1,124	2,059	13,776	470.12 MB
22 Nov 2013	1,031	2,101	12,540	441.60 MB
23 Nov 2013	729	1,455	8,155	283.56 MB
24 Nov 2013	761	1,498	9,037	330.01 MB
25 Nov 2013	1,068	2,056	13,111	469.00 MB
26 Nov 2013	1,138	2,313	13,969	537.47 MB
27 Nov 2013	1,062	2,033	13,280	457.32 MB
28 Nov 2013	928	1,740	10,697	397.75 MB
29 Nov 2013	866	1,976	10,801	425.02 MB
30 Nov 2013	608	1,228	7,417	275.79 MB
01 Dec 2013	703	1,289	8,021	310.93 MB
02 Dec 2013	1,104	2,222	13,382	443.69 MB
03 Dec 2013	1,103	2,151	13,355	484.73 MB
04 Dec 2013	1,121	2,235	14,244	474.10 MB
05 Dec 2013	1,205	2,320	13,604	422.31 MB
06 Dec 2013	980	1,850	11,480	409.69 MB
07 Dec 2013	693	1,217	7,122	263.61 MB
08 Dec 2013	717	1,308	8,541	309.25 MB
09 Dec 2013	1,014	1,791	11,670	425.00 MB
10 Dec 2013	1,086	2,057	12,899	499.18 MB
11 Dec 2013	1,006	1,909	12,177	466.18 MB
12 Dec 2013	1,016	2,177	12,664	483.56 MB
13 Dec 2013	998	2,105	12,010	441.99 MB
14 Dec 2013	744	1,469	8,725	315.47 MB
15 Dec 2013	707	1,356	8,511	305.52 MB
16 Dec 2013	941	2,492	12,022	416.18 MB
17 Dec 2013	975	1,845	11,489	413.11 MB
18 Dec 2013	972	2,008	12,172	443.11 MB
19 Dec 2013	925	1,915	11,527	447.61 MB
20 Dec 2013	827	1,696	9,540	366.31 MB
21 Dec 2013	614	1,385	7,384	260.72 MB
22 Dec 2013	609	1,337	7,530	280.57 MB
23 Dec 2013	775	1,686	9,797	363.63 MB
24 Dec 2013	663	1,376	7,786	299.22 MB
25 Dec 2013	567	1,179	6,434	246.42 MB
26 Dec 2013	666	1,545	8,656	331.78 MB
27 Dec 2013	696	1,410	8,444	312.24 MB
28 Dec 2013	528	1,021	6,098	244.48 MB
29 Dec 2013	583	1,281	7,270	276.12 MB
30 Dec 2013	769	1,698	9,439	379.11 MB
31 Dec 2013	692	1,478	8,065	322.31 MB
01 Jan 2014	525	1,065	6,201	235.84 MB
02 Jan 2014	894	1,909	10,810	417.03 MB
03 Jan 2014	842	1,724	10,476	397.33 MB
04 Jan 2014	579	1,054	6,107	229.39 MB
05 Jan 2014	615	1,113	7,235	291.89 MB
06 Jan 2014	853	1,902	11,471	458.21 MB
07 Jan 2014	904	1,915	11,977	454.22 MB
08 Jan 2014	1,010	2,850	13,896	478.28 MB
09 Jan 2014	1,050	2,097	12,772	488.89 MB
10 Jan 2014	926	1,992	11,488	395.52 MB
11 Jan 2014	680	1,403	7,818	277.28 MB
12 Jan 2014	673	1,418	8,731	331.16 MB
13 Jan 2014	921	2,378	12,819	454.62 MB
14 Jan 2014	914	2,102	12,226	460.04 MB
15 Jan 2014	932	2,202	12,229	409.38 MB
16 Jan 2014	981	2,113	12,620	471.84 MB
17 Jan 2014	996	2,096	12,287	449.90 MB
18 Jan 2014	764	1,669	10,022	371.10 MB
19 Jan 2014	766	1,654	8,985	342.99 MB
20 Jan 2014	1,059	2,878	13,917	467.90 MB
21 Jan 2014	1,078	2,090	12,850	460.84 MB
22 Jan 2014	995	1,907	11,354	389.54 MB
23 Jan 2014	1,158	2,349	14,068	534.14 MB
24 Jan 2014	1,014	2,145	12,507	425.76 MB
25 Jan 2014	714	1,518	8,467	290.75 MB
26 Jan 2014	740	1,584	8,634	310.75 MB
27 Jan 2014	1,051	2,172	13,491	457.98 MB
28 Jan 2014	1,100	2,036	12,958	475.07 MB
29 Jan 2014	1,037	2,208	13,095	468.42 MB
30 Jan 2014	1,039	2,279	13,656	471.24 MB
31 Jan 2014	880	1,900	11,332	423.13 MB
01 Feb 2014	655	1,646	8,558	310.16 MB
02 Feb 2014	721	1,587	8,660	297.35 MB
03 Feb 2014	932	1,923	11,475	391.83 MB
04 Feb 2014	994	1,860	12,644	449.50 MB
05 Feb 2014	1,027	2,319	13,721	475.86 MB
06 Feb 2014	1,038	2,003	13,469	488.50 MB
07 Feb 2014	1,014	2,111	13,306	472.25 MB
08 Feb 2014	630	1,384	8,509	333.05 MB
09 Feb 2014	749	1,573	10,122	349.56 MB
10 Feb 2014	1,149	2,156	14,540	525.82 MB
11 Feb 2014	1,210	2,344	14,872	521.34 MB
12 Feb 2014	1,116	2,209	13,504	479.36 MB
13 Feb 2014	1,077	2,148	13,629	464.20 MB
14 Feb 2014	961	1,860	11,908	430.88 MB
15 Feb 2014	690	1,456	8,659	312.56 MB
16 Feb 2014	732	1,596	9,562	355.76 MB
17 Feb 2014	1,153	2,814	15,560	519.16 MB
18 Feb 2014	1,167	2,221	13,979	495.27 MB
19 Feb 2014	1,218	2,292	15,123	603.05 MB
20 Feb 2014	1,143	2,502	15,323	573.72 MB
21 Feb 2014	1,088	2,165	13,588	485.37 MB
22 Feb 2014	799	1,947	10,946	391.93 MB
23 Feb 2014	866	1,822	11,451	452.58 MB
24 Feb 2014	1,177	2,413	15,469	584.39 MB
25 Feb 2014	1,230	2,548	15,028	554.08 MB
26 Feb 2014	1,268	2,508	15,977	580.64 MB
27 Feb 2014	1,230	2,615	15,372	567.28 MB
28 Feb 2014	1,106	2,150	13,050	482.98 MB
01 Mar 2014	810	1,650	9,847	372.73 MB
02 Mar 2014	785	1,773	10,001	402.59 MB
03 Mar 2014	1,153	2,403	14,696	534.93 MB
04 Mar 2014	1,229	2,591	15,977	613.44 MB
05 Mar 2014	1,241	2,649	16,487	594.02 MB
06 Mar 2014	1,223	2,338	14,867	560.11 MB
07 Mar 2014	1,089	2,272	14,150	515.44 MB
08 Mar 2014	754	1,548	9,007	343.52 MB
09 Mar 2014	876	1,669	10,471	395.94 MB
10 Mar 2014	1,210	2,479	15,231	558.70 MB
11 Mar 2014	1,236	2,673	15,416	554.25 MB
12 Mar 2014	1,252	2,607	15,676	566.03 MB
13 Mar 2014	1,197	2,358	14,343	519.71 MB
14 Mar 2014	1,160	2,472	14,909	594.28 MB
15 Mar 2014	837	1,929	10,862	392.52 MB
16 Mar 2014	935	1,917	11,190	419.70 MB
17 Mar 2014	1,267	2,593	14,824	539.05 MB
18 Mar 2014	1,363	2,748	16,045	592.83 MB
19 Mar 2014	1,342	2,511	15,717	624.72 MB
20 Mar 2014	1,163	2,154	13,166	494.17 MB
21 Mar 2014	1,127	2,343	13,387	501.80 MB
22 Mar 2014	863	1,667	9,699	358.89 MB
23 Mar 2014	890	2,071	10,913	433.58 MB
24 Mar 2014	1,258	2,352	15,585	565.17 MB
25 Mar 2014	1,345	2,763	16,747	602.40 MB
26 Mar 2014	1,332	2,480	16,172	594.91 MB
27 Mar 2014	1,327	3,035	17,934	604.49 MB
28 Mar 2014	1,182	2,159	13,450	495.14 MB
29 Mar 2014	816	1,703	9,446	392.23 MB
30 Mar 2014	804	1,774	9,925	363.74 MB
31 Mar 2014	1,176	2,281	15,513	533.39 MB
01 Apr 2014	1,218	2,371	14,932	607.56 MB
02 Apr 2014	1,194	2,170	14,479	522.72 MB
03 Apr 2014	1,236	2,348	15,026	549.40 MB
04 Apr 2014	1,273	2,439	15,682	582.96 MB
05 Apr 2014	794	1,647	9,920	386.33 MB
06 Apr 2014	838	1,671	10,441	420.88 MB
07 Apr 2014	1,262	2,949	16,635	612.46 MB
08 Apr 2014	1,278	2,787	15,712	576.99 MB
09 Apr 2014	1,357	2,915	17,246	641.02 MB
10 Apr 2014	1,299	2,544	15,751	623.20 MB
11 Apr 2014	1,309	2,712	15,299	608.59 MB
12 Apr 2014	939	1,949	11,242	461.12 MB
13 Apr 2014	833	1,802	10,146	412.42 MB
14 Apr 2014	1,163	2,273	14,605	566.79 MB
15 Apr 2014	1,242	2,545	15,574	640.92 MB
16 Apr 2014	1,281	2,533	15,555	588.03 MB
17 Apr 2014	1,216	2,484	15,231	590.04 MB
18 Apr 2014	1,067	2,055	12,607	491.97 MB
19 Apr 2014	812	1,674	9,761	391.17 MB
20 Apr 2014	730	1,828	9,826	383.78 MB
21 Apr 2014	1,164	2,509	14,233	541.60 MB
22 Apr 2014	1,352	2,565	16,039	628.98 MB
23 Apr 2014	1,349	2,729	17,321	701.88 MB
24 Apr 2014	1,358	2,614	16,750	641.63 MB
25 Apr 2014	1,276	2,423	15,453	574.60 MB
26 Apr 2014	897	1,844	11,039	401.31 MB
27 Apr 2014	969	2,198	12,335	502.93 MB
28 Apr 2014	1,425	2,815	17,548	681.95 MB
29 Apr 2014	1,429	2,829	18,334	715.69 MB
30 Apr 2014	1,333	2,666	16,605	671.90 MB
01 May 2014	1,119	2,136	14,036	589.96 MB
02 May 2014	1,261	2,720	16,572	608.69 MB
03 May 2014	840	1,624	10,083	397.87 MB
04 May 2014	991	1,818	11,388	469.99 MB
05 May 2014	1,261	2,355	15,211	564.24 MB
06 May 2014	1,336	2,603	17,245	623.01 MB
07 May 2014	1,335	2,671	16,778	642.66 MB
08 May 2014	1,464	2,737	17,228	632.01 MB
09 May 2014	1,152	2,255	14,443	603.98 MB
10 May 2014	895	1,917	10,535	426.36 MB
11 May 2014	843	1,484	9,631	378.65 MB
12 May 2014	1,335	2,520	16,233	640.87 MB
13 May 2014	1,354	2,650	17,135	630.24 MB
14 May 2014	1,356	2,662	17,147	627.37 MB
15 May 2014	1,340	2,597	16,324	666.52 MB
16 May 2014	1,170	2,393	15,349	574.13 MB
17 May 2014	876	1,739	10,998	429.36 MB
18 May 2014	999	1,969	12,142	460.17 MB
19 May 2014	1,584	3,000	18,364	736.84 MB
20 May 2014	2,299	3,984	28,885	1.08 GB
21 May 2014	2,617	4,623	34,063	1.24 GB
22 May 2014	2,804	4,751	34,869	1.24 GB
23 May 2014	2,709	4,777	33,390	1.26 GB
24 May 2014	1,661	3,178	21,235	824.13 MB
25 May 2014	1,688	3,131	20,909	835.27 MB
26 May 2014	2,575	4,554	31,920	1.14 GB
27 May 2014	2,922	5,234	35,927	1.39 GB
28 May 2014	2,975	5,428	37,457	1.40 GB
29 May 2014	2,778	5,045	34,558	1.26 GB
30 May 2014	2,594	5,033	32,818	1.21 GB
31 May 2014	1,679	3,071	19,795	729.32 MB
01 Jun 2014	1,787	3,305	23,253	850.77 MB
02 Jun 2014	2,812	4,867	33,785	1.24 GB
03 Jun 2014	3,095	5,642	38,231	1.49 GB
04 Jun 2014	3,135	6,009	39,903	1.46 GB
05 Jun 2014	3,099	5,642	38,385	1.45 GB
06 Jun 2014	2,748	4,678	32,576	1.25 GB
07 Jun 2014	1,723	3,507	21,244	839.20 MB
08 Jun 2014	1,740	3,198	20,976	899.24 MB
09 Jun 2014	2,756	4,937	34,737	1.37 GB
10 Jun 2014	3,206	5,547	38,903	1.50 GB
11 Jun 2014	3,164	5,583	38,723	1.53 GB
12 Jun 2014	3,072	5,615	38,152	1.45 GB
13 Jun 2014	2,706	4,742	32,775	1.27 GB
14 Jun 2014	1,679	4,321	21,089	849.34 MB
15 Jun 2014	1,628	2,963	19,858	891.18 MB
16 Jun 2014	2,757	4,786	32,667	1.29 GB
17 Jun 2014	3,022	6,278	38,892	1.59 GB
18 Jun 2014	2,930	5,079	34,631	1.40 GB
19 Jun 2014	2,790	5,405	33,486	1.31 GB
20 Jun 2014	2,688	5,213	32,750	1.28 GB
21 Jun 2014	1,573	2,869	18,139	772.84 MB
22 Jun 2014	1,609	3,243	20,105	847.23 MB
23 Jun 2014	2,844	4,909	33,470	1.37 GB
24 Jun 2014	2,815	5,129	34,608	1.40 GB
25 Jun 2014	2,718	5,082	33,981	1.39 GB
26 Jun 2014	2,691	4,724	31,621	1.33 GB
27 Jun 2014	2,466	4,717	30,532	1.22 GB
28 Jun 2014	1,546	2,810	17,665	763.01 MB
29 Jun 2014	1,584	3,234	20,513	870.85 MB
30 Jun 2014	2,597	4,832	31,343	1.36 GB
01 Jul 2014	2,688	4,731	32,120	1.28 GB
02 Jul 2014	2,794	5,561	35,678	1.45 GB
03 Jul 2014	2,824	5,090	33,450	1.38 GB
04 Jul 2014	2,197	4,210	26,548	1.17 GB
05 Jul 2014	1,585	3,036	19,720	832.65 MB
06 Jul 2014	1,720	3,822	22,086	928.09 MB
07 Jul 2014	2,840	4,971	34,555	1.45 GB
08 Jul 2014	3,134	6,087	39,210	1.64 GB
09 Jul 2014	2,960	5,736	35,809	1.52 GB
10 Jul 2014	2,967	5,419	34,932	1.45 GB
11 Jul 2014	2,774	4,936	31,868	1.39 GB
12 Jul 2014	1,665	2,891	18,561	827.66 MB
13 Jul 2014	1,910	3,725	22,074	896.39 MB
14 Jul 2014	2,961	5,284	33,928	1.41 GB
15 Jul 2014	3,007	5,693	36,441	1.49 GB
16 Jul 2014	3,089	5,637	37,010	1.60 GB
17 Jul 2014	2,881	5,125	33,002	1.41 GB
18 Jul 2014	2,636	5,172	33,345	1.36 GB
19 Jul 2014	1,656	3,176	19,668	848.87 MB
20 Jul 2014	1,685	3,309	19,635	931.35 MB
21 Jul 2014	2,920	5,396	35,360	1.45 GB
22 Jul 2014	3,024	5,691	36,025	1.52 GB
23 Jul 2014	2,881	5,296	33,461	1.44 GB
24 Jul 2014	2,970	5,465	35,105	1.53 GB
25 Jul 2014	2,713	4,932	31,769	1.35 GB
26 Jul 2014	1,667	3,252	20,560	969.04 MB
27 Jul 2014	1,675	3,289	20,592	909.16 MB
28 Jul 2014	2,854	5,360	34,719	1.47 GB
29 Jul 2014	3,112	5,578	37,684	1.67 GB
30 Jul 2014	2,999	5,253	34,982	1.52 GB
31 Jul 2014	3,044	5,198	36,087	1.62 GB
01 Aug 2014	2,727	4,850	33,187	1.51 GB
02 Aug 2014	1,771	3,612	21,960	944.45 MB
03 Aug 2014	1,842	3,409	21,897	968.74 MB
04 Aug 2014	2,952	6,293	36,771	1.58 GB
05 Aug 2014	3,363	7,759	42,141	1.82 GB
06 Aug 2014	3,169	6,981	39,059	1.70 GB
07 Aug 2014	3,134	6,639	38,611	1.59 GB
08 Aug 2014	2,858	6,356	36,365	1.63 GB
09 Aug 2014	1,723	4,346	21,888	1013.98 MB
10 Aug 2014	1,741	4,452	23,331	996.20 MB
11 Aug 2014	2,990	5,961	36,575	1.62 GB
12 Aug 2014	3,295	6,344	40,723	1.83 GB
13 Aug 2014	3,368	6,353	41,258	1.82 GB
14 Aug 2014	3,184	5,926	39,603	1.83 GB
15 Aug 2014	2,706	4,727	31,833	1.42 GB
16 Aug 2014	1,920	3,653	23,876	1.10 GB
17 Aug 2014	1,968	3,598	23,375	1.03 GB
18 Aug 2014	3,151	5,649	38,355	1.71 GB
19 Aug 2014	3,331	6,052	40,993	1.82 GB
20 Aug 2014	3,374	6,136	41,226	1.88 GB
21 Aug 2014	3,340	5,868	38,593	1.77 GB
22 Aug 2014	3,098	5,902	37,918	1.70 GB
23 Aug 2014	1,982	3,842	23,944	1.11 GB
24 Aug 2014	1,943	3,827	24,194	1.12 GB
25 Aug 2014	3,191	6,152	39,356	1.83 GB
26 Aug 2014	3,385	6,040	41,455	1.92 GB
27 Aug 2014	3,403	6,022	40,539	1.90 GB
28 Aug 2014	3,293	5,643	38,755	1.86 GB
29 Aug 2014	3,000	5,180	35,941	1.64 GB
30 Aug 2014	2,043	3,830	25,141	1.16 GB
31 Aug 2014	2,159	4,378	26,201	1.23 GB
01 Sep 2014	2,880	5,183	36,144	1.70 GB
02 Sep 2014	3,387	5,900	41,342	1.95 GB
03 Sep 2014	3,793	7,305	47,591	2.23 GB
04 Sep 2014	3,850	6,894	46,798	2.21 GB
05 Sep 2014	3,549	6,992	44,669	1.98 GB
06 Sep 2014	2,233	4,287	27,809	1.36 GB
07 Sep 2014	2,271	3,949	26,838	1.27 GB
08 Sep 2014	3,546	6,333	43,832	2.11 GB
09 Sep 2014	4,119	7,509	50,980	2.44 GB
10 Sep 2014	4,043	7,088	48,495	2.32 GB
11 Sep 2014	4,052	7,153	49,300	2.37 GB
12 Sep 2014	3,787	6,549	45,411	2.19 GB
13 Sep 2014	2,376	4,389	28,647	1.36 GB
14 Sep 2014	2,520	4,622	30,244	1.42 GB
15 Sep 2014	4,045	7,449	49,329	2.33 GB
16 Sep 2014	4,358	7,758	53,302	2.52 GB
17 Sep 2014	4,521	7,771	53,146	2.67 GB
18 Sep 2014	4,447	7,708	53,417	2.52 GB
19 Sep 2014	3,927	7,068	46,753	2.16 GB
20 Sep 2014	2,497	4,389	30,124	1.40 GB
21 Sep 2014	2,660	4,723	31,771	1.54 GB
22 Sep 2014	4,153	7,145	49,338	2.41 GB
23 Sep 2014	4,546	7,938	54,193	2.65 GB
24 Sep 2014	4,469	7,875	52,424	2.58 GB
25 Sep 2014	4,481	7,766	52,940	2.58 GB
26 Sep 2014	4,231	7,401	49,535	2.39 GB
27 Sep 2014	2,752	5,196	32,381	1.56 GB
28 Sep 2014	2,876	5,367	34,288	1.67 GB
29 Sep 2014	4,670	8,563	55,152	2.70 GB
30 Sep 2014	4,870	9,247	58,276	2.78 GB
01 Oct 2014	4,867	9,076	57,541	2.79 GB
02 Oct 2014	4,530	7,897	53,036	2.60 GB
03 Oct 2014	4,087	7,124	47,698	2.37 GB
04 Oct 2014	2,863	5,288	33,693	1.69 GB
05 Oct 2014	3,044	5,561	37,147	1.77 GB
06 Oct 2014	4,695	7,809	54,905	2.66 GB
07 Oct 2014	5,050	9,196	59,755	2.92 GB
08 Oct 2014	5,195	9,518	62,731	3.01 GB
09 Oct 2014	5,044	8,952	61,719	2.87 GB
10 Oct 2014	4,641	8,071	53,867	2.54 GB
11 Oct 2014	3,021	5,643	36,659	1.67 GB
12 Oct 2014	2,992	5,647	36,030	1.75 GB
13 Oct 2014	4,974	8,772	59,465	2.80 GB
14 Oct 2014	5,286	9,359	63,164	3.01 GB
15 Oct 2014	5,181	9,207	62,039	2.91 GB
16 Oct 2014	5,116	8,775	59,625	2.92 GB
17 Oct 2014	4,752	8,578	55,600	2.62 GB
18 Oct 2014	3,068	5,552	35,801	1.69 GB
19 Oct 2014	3,132	5,756	36,959	1.76 GB
20 Oct 2014	5,008	8,589	59,092	2.89 GB
21 Oct 2014	5,306	9,220	63,846	2.94 GB
22 Oct 2014	5,090	8,870	60,026	2.87 GB
23 Oct 2014	4,764	8,224	54,954	2.69 GB
24 Oct 2014	4,592	7,844	52,994	2.59 GB
25 Oct 2014	3,255	5,853	38,847	1.77 GB
26 Oct 2014	3,598	6,375	43,016	1.99 GB
27 Oct 2014	5,559	9,709	66,314	3.17 GB
28 Oct 2014	5,834	10,039	68,562	3.28 GB
29 Oct 2014	5,914	10,537	71,394	3.34 GB
30 Oct 2014	5,879	10,218	68,263	3.30 GB
31 Oct 2014	5,100	9,024	60,818	2.82 GB
01 Nov 2014	3,409	6,652	40,695	1.86 GB
02 Nov 2014	3,854	7,511	47,114	2.15 GB
03 Nov 2014	5,997	12,746	74,593	3.44 GB
04 Nov 2014	6,309	13,124	78,664	3.52 GB
05 Nov 2014	6,371	12,594	76,794	3.50 GB
06 Nov 2014	6,408	13,903	82,325	3.65 GB
07 Nov 2014	5,749	12,017	71,330	3.27 GB
08 Nov 2014	3,825	7,946	46,464	2.08 GB
09 Nov 2014	4,176	8,878	51,880	2.37 GB
10 Nov 2014	6,391	12,967	79,285	3.59 GB
11 Nov 2014	6,612	13,498	81,706	3.71 GB
12 Nov 2014	6,710	13,641	82,045	3.81 GB
13 Nov 2014	6,647	13,695	82,508	3.78 GB
14 Nov 2014	6,113	12,259	73,905	3.32 GB
15 Nov 2014	3,965	8,090	50,256	2.19 GB
16 Nov 2014	4,238	8,729	52,134	2.39 GB
17 Nov 2014	6,645	13,379	83,233	3.86 GB
18 Nov 2014	6,867	13,982	84,888	3.87 GB
19 Nov 2014	6,968	13,814	86,067	3.94 GB
20 Nov 2014	6,832	13,589	83,182	3.70 GB
21 Nov 2014	6,285	12,414	76,532	3.41 GB
22 Nov 2014	4,085	8,342	50,475	2.34 GB
23 Nov 2014	4,355	8,627	52,784	2.42 GB
24 Nov 2014	6,548	13,282	80,997	3.67 GB
25 Nov 2014	6,933	14,044	86,783	4.04 GB
26 Nov 2014	6,693	13,649	83,329	3.78 GB
27 Nov 2014	5,830	11,880	71,068	3.29 GB
28 Nov 2014	5,049	10,349	62,188	2.80 GB
29 Nov 2014	3,913	8,260	48,893	2.22 GB
30 Nov 2014	4,372	8,592	52,579	2.47 GB
01 Dec 2014	6,809	13,860	85,410	3.85 GB
02 Dec 2014	7,266	14,679	90,883	3.94 GB
03 Dec 2014	7,414	15,416	92,149	4.07 GB
04 Dec 2014	6,981	13,704	85,670	3.84 GB
05 Dec 2014	6,496	13,055	78,177	3.54 GB
06 Dec 2014	4,264	8,911	52,888	2.34 GB
07 Dec 2014	4,432	8,727	55,144	2.53 GB
08 Dec 2014	6,837	13,801	84,587	3.72 GB
09 Dec 2014	7,309	14,728	87,756	3.98 GB
10 Dec 2014	7,270	15,034	89,096	4.01 GB
11 Dec 2014	6,782	13,790	84,633	3.75 GB
12 Dec 2014	6,238	12,858	76,192	3.36 GB
13 Dec 2014	4,008	8,426	49,745	2.25 GB
14 Dec 2014	4,099	8,309	50,428	2.26 GB
15 Dec 2014	6,280	13,203	79,096	3.62 GB
16 Dec 2014	6,617	13,644	81,300	3.71 GB
17 Dec 2014	6,174	13,291	77,671	3.51 GB
18 Dec 2014	6,245	13,178	78,011	3.59 GB
19 Dec 2014	5,426	11,537	66,168	3.01 GB
20 Dec 2014	3,235	6,916	39,499	1.82 GB
21 Dec 2014	3,521	7,401	43,228	2.00 GB
22 Dec 2014	5,072	10,690	61,400	2.69 GB
23 Dec 2014	4,881	10,708	61,699	2.74 GB
24 Dec 2014	3,853	8,426	46,852	2.17 GB
25 Dec 2014	3,004	6,348	35,469	1.61 GB
26 Dec 2014	3,631	8,396	45,302	2.04 GB
27 Dec 2014	3,391	7,181	41,608	1.97 GB
28 Dec 2014	3,456	7,655	42,069	2.01 GB
29 Dec 2014	4,821	10,635	59,075	2.80 GB
30 Dec 2014	4,918	11,303	61,635	2.93 GB
31 Dec 2014	4,059	8,838	47,821	2.22 GB
01 Jan 2015	3,010	6,626	36,186	1.67 GB
02 Jan 2015	4,380	9,869	55,100	2.61 GB
03 Jan 2015	3,792	8,441	48,213	2.27 GB
04 Jan 2015	4,037	8,601	49,103	2.31 GB
05 Jan 2015	5,676	12,232	69,661	3.17 GB
06 Jan 2015	5,985	12,526	72,927	3.47 GB
07 Jan 2015	6,266	13,150	75,628	3.62 GB
08 Jan 2015	6,148	12,662	73,187	3.59 GB
09 Jan 2015	6,158	12,589	73,289	3.46 GB
10 Jan 2015	4,120	8,993	51,046	2.48 GB
11 Jan 2015	4,206	9,372	53,470	2.58 GB
12 Jan 2015	6,684	13,406	79,073	3.83 GB
13 Jan 2015	6,975	14,317	84,725	4.30 GB
14 Jan 2015	7,316	15,518	89,952	4.47 GB
15 Jan 2015	7,026	14,414	84,619	4.16 GB
16 Jan 2015	6,498	14,037	79,855	3.83 GB
17 Jan 2015	4,140	8,424	48,741	2.38 GB
18 Jan 2015	4,530	9,293	54,317	2.70 GB
19 Jan 2015	6,809	14,683	83,184	4.07 GB
20 Jan 2015	7,467	15,442	90,161	4.51 GB
21 Jan 2015	7,891	16,467	95,601	4.80 GB
22 Jan 2015	7,760	16,274	94,830	4.63 GB
23 Jan 2015	7,082	14,594	85,578	4.14 GB
24 Jan 2015	4,499	9,803	55,658	2.69 GB
25 Jan 2015	4,777	9,764	58,090	2.82 GB
26 Jan 2015	7,500	15,216	92,163	4.64 GB
27 Jan 2015	8,205	16,764	99,338	4.93 GB
28 Jan 2015	8,069	15,730	95,372	4.80 GB
29 Jan 2015	7,873	15,692	94,405	4.70 GB
30 Jan 2015	7,693	15,607	92,073	4.82 GB
31 Jan 2015	5,109	10,383	62,423	3.34 GB
01 Feb 2015	5,244	10,445	63,190	3.08 GB
02 Feb 2015	7,618	15,357	92,684	4.59 GB
03 Feb 2015	8,521	17,162	103,964	5.11 GB
04 Feb 2015	8,836	17,921	106,349	5.35 GB
05 Feb 2015	8,902	17,763	105,254	5.26 GB
06 Feb 2015	8,139	15,645	96,037	4.81 GB
07 Feb 2015	5,212	10,861	62,849	3.07 GB
08 Feb 2015	5,638	11,290	68,983	3.29 GB
09 Feb 2015	8,926	18,235	107,469	5.33 GB
10 Feb 2015	8,948	17,566	106,190	5.25 GB
11 Feb 2015	8,913	17,656	104,365	5.28 GB
12 Feb 2015	9,020	17,791	107,394	5.42 GB
13 Feb 2015	8,087	16,325	96,965	4.80 GB
14 Feb 2015	4,895	9,766	59,445	2.99 GB
15 Feb 2015	5,222	10,617	63,397	3.21 GB
16 Feb 2015	8,078	16,647	99,430	4.97 GB
17 Feb 2015	8,877	18,475	108,711	5.50 GB
18 Feb 2015	8,802	18,403	107,783	5.50 GB
19 Feb 2015	8,602	16,923	102,950	5.18 GB
20 Feb 2015	8,137	16,849	97,617	4.80 GB
21 Feb 2015	5,415	11,278	64,796	3.26 GB
22 Feb 2015	5,891	11,884	70,926	3.57 GB
23 Feb 2015	8,935	18,265	107,362	5.41 GB
24 Feb 2015	9,585	19,102	116,067	5.78 GB
25 Feb 2015	9,451	18,837	112,282	5.65 GB
26 Feb 2015	9,575	19,470	116,105	5.83 GB
27 Feb 2015	8,514	16,688	101,062	5.10 GB
28 Feb 2015	5,679	11,626	67,863	3.36 GB
01 Mar 2015	6,343	12,779	76,329	3.83 GB
02 Mar 2015	9,326	18,635	110,777	5.63 GB
03 Mar 2015	9,708	20,218	118,458	5.84 GB
04 Mar 2015	9,757	20,039	118,376	6.01 GB
05 Mar 2015	9,699	19,449	115,091	5.95 GB
06 Mar 2015	8,704	16,692	101,110	5.18 GB
07 Mar 2015	5,703	10,948	67,510	3.35 GB
08 Mar 2015	5,959	11,949	71,740	3.51 GB
09 Mar 2015	9,269	18,727	111,309	5.60 GB
10 Mar 2015	9,875	19,802	117,589	6.01 GB
11 Mar 2015	9,768	19,652	117,770	5.91 GB
12 Mar 2015	9,396	18,603	111,484	5.59 GB
13 Mar 2015	8,537	17,398	102,396	5.15 GB
14 Mar 2015	5,811	11,751	71,114	3.38 GB
15 Mar 2015	6,049	12,733	75,538	3.62 GB
16 Mar 2015	9,188	19,155	111,834	5.45 GB
17 Mar 2015	9,750	19,634	117,212	5.78 GB
18 Mar 2015	9,441	19,434	115,021	5.62 GB
19 Mar 2015	9,293	18,484	110,688	5.65 GB
20 Mar 2015	8,498	17,253	102,235	5.15 GB
21 Mar 2015	5,794	11,731	68,777	3.52 GB
22 Mar 2015	6,278	12,479	74,748	3.75 GB
23 Mar 2015	9,651	19,391	114,000	5.57 GB
24 Mar 2015	10,170	20,200	121,704	6.13 GB
25 Mar 2015	9,960	19,657	118,687	5.98 GB
26 Mar 2015	9,659	19,785	116,587	5.76 GB
27 Mar 2015	8,970	17,873	108,148	5.40 GB
28 Mar 2015	5,666	11,472	68,747	3.47 GB
29 Mar 2015	5,770	11,441	68,473	3.48 GB
30 Mar 2015	9,422	18,975	111,107	5.57 GB
31 Mar 2015	9,820	19,264	128,794	5.90 GB
01 Apr 2015	9,771	19,415	116,177	6.10 GB
02 Apr 2015	9,128	18,115	106,393	5.42 GB
03 Apr 2015	7,992	16,047	94,957	4.91 GB
04 Apr 2015	5,674	11,911	68,898	3.50 GB
05 Apr 2015	5,721	11,893	68,817	3.53 GB
06 Apr 2015	8,373	16,828	99,509	5.04 GB
07 Apr 2015	9,786	19,799	115,914	5.76 GB
08 Apr 2015	10,039	19,753	117,805	5.84 GB
09 Apr 2015	9,777	19,509	114,620	5.85 GB
10 Apr 2015	8,739	17,856	102,532	5.01 GB
11 Apr 2015	6,364	12,359	73,947	3.67 GB
12 Apr 2015	6,008	12,346	74,516	3.73 GB
13 Apr 2015	9,766	20,415	116,377	5.97 GB
14 Apr 2015	10,059	20,458	120,544	6.15 GB
15 Apr 2015	10,088	20,299	120,773	6.08 GB
16 Apr 2015	10,088	19,543	117,597	6.13 GB
17 Apr 2015	9,155	17,987	106,758	5.53 GB
18 Apr 2015	6,170	12,563	73,984	3.73 GB
19 Apr 2015	6,420	12,681	75,804	3.92 GB
20 Apr 2015	9,880	19,122	116,263	5.91 GB
21 Apr 2015	10,680	20,656	125,763	6.46 GB
22 Apr 2015	10,485	21,229	126,917	6.36 GB
23 Apr 2015	10,445	20,049	121,398	6.19 GB
24 Apr 2015	9,469	18,263	109,452	5.67 GB
25 Apr 2015	5,953	11,903	72,836	3.62 GB
26 Apr 2015	6,451	12,885	79,069	3.89 GB
27 Apr 2015	10,044	20,054	120,087	6.43 GB
28 Apr 2015	10,843	21,212	128,848	6.73 GB
29 Apr 2015	10,819	20,782	128,214	6.38 GB
30 Apr 2015	9,748	19,349	116,080	5.77 GB
01 May 2015	7,899	15,070	95,066	4.70 GB
02 May 2015	5,932	11,637	70,945	3.50 GB
03 May 2015	6,336	13,156	79,021	3.89 GB
04 May 2015	10,265	20,036	121,582	6.31 GB
05 May 2015	11,036	21,861	131,247	6.87 GB
06 May 2015	11,000	20,968	128,534	6.68 GB
07 May 2015	11,039	21,443	129,145	6.93 GB
08 May 2015	10,166	20,176	120,397	6.34 GB
09 May 2015	6,483	12,457	75,830	3.93 GB
10 May 2015	6,463	12,198	75,642	3.90 GB
11 May 2015	10,456	20,705	123,702	6.45 GB
12 May 2015	10,945	21,788	129,440	6.68 GB
13 May 2015	10,668	20,738	122,429	6.52 GB
14 May 2015	10,393	20,351	121,808	6.58 GB
15 May 2015	9,747	19,330	114,212	6.09 GB
16 May 2015	6,275	12,483	74,174	3.92 GB
17 May 2015	6,469	12,714	76,961	4.05 GB
18 May 2015	10,381	20,476	121,945	6.47 GB
19 May 2015	11,241	22,105	131,543	6.88 GB
20 May 2015	11,119	21,728	130,871	6.72 GB
21 May 2015	10,861	21,090	124,476	6.69 GB
22 May 2015	9,641	19,217	111,617	5.98 GB
23 May 2015	5,708	11,754	68,767	3.69 GB
24 May 2015	5,923	11,688	69,472	3.62 GB
25 May 2015	8,306	17,620	101,409	5.17 GB
26 May 2015	10,456	21,464	124,514	6.55 GB
27 May 2015	10,760	21,423	126,479	6.55 GB
28 May 2015	10,614	20,829	123,169	6.54 GB
29 May 2015	9,543	19,141	111,495	5.80 GB
30 May 2015	5,938	13,210	71,582	3.79 GB
31 May 2015	6,279	12,701	75,363	4.02 GB
01 Jun 2015	10,067	19,835	117,081	6.30 GB
02 Jun 2015	11,061	22,026	131,078	7.04 GB
03 Jun 2015	10,583	20,825	122,542	6.68 GB
04 Jun 2015	10,500	20,550	120,083	6.51 GB
05 Jun 2015	9,528	19,494	113,249	5.97 GB
06 Jun 2015	5,888	11,837	70,805	3.71 GB
07 Jun 2015	5,935	12,021	70,983	3.80 GB
08 Jun 2015	10,266	20,637	121,058	6.52 GB
09 Jun 2015	11,265	21,805	128,802	6.99 GB
10 Jun 2015	11,199	22,905	132,392	7.07 GB
11 Jun 2015	10,778	21,522	123,834	6.59 GB
12 Jun 2015	9,763	19,648	111,986	5.85 GB
13 Jun 2015	5,600	11,212	65,445	3.49 GB
14 Jun 2015	5,802	12,113	69,199	3.77 GB
15 Jun 2015	10,003	20,379	117,762	6.18 GB
16 Jun 2015	10,900	21,684	127,749	6.79 GB
17 Jun 2015	10,559	21,250	123,411	6.60 GB
18 Jun 2015	10,520	20,973	121,924	6.56 GB
19 Jun 2015	9,763	18,885	111,409	5.95 GB
20 Jun 2015	5,729	12,167	67,956	3.58 GB
21 Jun 2015	6,119	13,094	74,076	3.87 GB
22 Jun 2015	10,671	21,588	123,168	6.62 GB
23 Jun 2015	11,422	23,072	131,704	7.15 GB
24 Jun 2015	10,839	21,847	125,242	6.87 GB
25 Jun 2015	11,002	22,500	128,585	6.81 GB
26 Jun 2015	9,853	19,567	111,300	6.08 GB
27 Jun 2015	5,916	12,044	67,866	3.62 GB
28 Jun 2015	6,165	12,989	72,041	3.83 GB
29 Jun 2015	10,522	21,574	121,607	6.58 GB
30 Jun 2015	11,001	21,794	124,845	6.82 GB
01 Jul 2015	10,365	20,952	117,736	6.48 GB
02 Jul 2015	10,127	20,019	115,091	6.36 GB
03 Jul 2015	8,376	16,459	95,310	5.09 GB
04 Jul 2015	5,350	10,671	68,274	4.35 GB
05 Jul 2015	5,569	10,966	64,721	3.70 GB
06 Jul 2015	10,244	20,363	118,174	6.35 GB
07 Jul 2015	11,275	22,438	129,502	7.05 GB
08 Jul 2015	11,180	21,906	128,185	6.89 GB
09 Jul 2015	10,906	21,961	125,791	6.82 GB
10 Jul 2015	9,800	18,909	108,406	5.80 GB
11 Jul 2015	5,765	11,395	65,518	3.61 GB
12 Jul 2015	6,010	13,551	71,191	3.76 GB
13 Jul 2015	10,516	20,714	120,412	6.51 GB
14 Jul 2015	10,977	21,579	124,975	6.99 GB
15 Jul 2015	10,602	21,074	122,494	6.67 GB
16 Jul 2015	10,342	19,946	115,951	6.57 GB
17 Jul 2015	9,206	18,673	105,508	5.81 GB
18 Jul 2015	5,494	10,769	62,660	3.55 GB
19 Jul 2015	5,741	11,379	66,851	3.77 GB
20 Jul 2015	9,987	19,801	114,816	6.26 GB
21 Jul 2015	10,822	21,581	123,085	6.69 GB
22 Jul 2015	10,533	21,114	120,808	6.45 GB
23 Jul 2015	10,024	19,730	113,016	6.25 GB
24 Jul 2015	9,326	18,242	105,240	5.73 GB
25 Jul 2015	6,182	13,011	72,783	3.68 GB
26 Jul 2015	6,800	15,483	80,275	3.77 GB
27 Jul 2015	10,271	21,989	119,045	6.22 GB
28 Jul 2015	10,857	21,414	120,227	6.57 GB
29 Jul 2015	10,382	20,289	113,924	6.47 GB
30 Jul 2015	9,985	19,579	110,530	6.10 GB
31 Jul 2015	9,330	17,974	102,328	5.53 GB
01 Aug 2015	5,601	11,241	62,166	3.54 GB
02 Aug 2015	5,496	10,939	61,547	3.38 GB
03 Aug 2015	9,598	18,853	104,985	5.78 GB
04 Aug 2015	10,665	20,857	117,816	6.68 GB
05 Aug 2015	10,425	20,556	114,384	6.55 GB
06 Aug 2015	10,097	19,264	110,267	6.24 GB
07 Aug 2015	9,524	18,599	105,045	5.89 GB
08 Aug 2015	5,687	11,083	63,229	3.65 GB
09 Aug 2015	5,878	12,409	68,066	3.70 GB
10 Aug 2015	9,966	19,790	112,260	6.19 GB
11 Aug 2015	10,703	20,910	121,639	6.77 GB
12 Aug 2015	10,232	19,711	115,330	6.41 GB
13 Aug 2015	10,150	19,985	113,402	6.43 GB
14 Aug 2015	9,186	18,194	102,736	5.83 GB
15 Aug 2015	5,670	11,113	64,410	3.60 GB
16 Aug 2015	5,708	11,378	66,868	3.68 GB
17 Aug 2015	9,737	18,949	110,507	6.14 GB
18 Aug 2015	10,349	20,375	117,621	6.72 GB
19 Aug 2015	10,405	21,121	119,678	6.82 GB
20 Aug 2015	9,828	19,265	109,841	6.19 GB
21 Aug 2015	9,285	17,690	103,532	5.85 GB
22 Aug 2015	5,579	11,115	64,033	3.58 GB
23 Aug 2015	6,076	12,578	72,040	4.07 GB
24 Aug 2015	9,908	19,543	113,037	6.33 GB
25 Aug 2015	10,823	21,102	123,339	7.03 GB
26 Aug 2015	10,824	20,984	121,666	6.91 GB
27 Aug 2015	12,287	23,139	135,240	7.22 GB
28 Aug 2015	11,744	21,808	129,757	6.75 GB
29 Aug 2015	6,564	12,315	73,365	3.99 GB
30 Aug 2015	6,480	12,757	75,587	4.14 GB
31 Aug 2015	11,208	21,036	125,536	6.96 GB
01 Sep 2015	11,641	22,127	130,661	7.60 GB
02 Sep 2015	11,834	22,836	135,763	7.72 GB
03 Sep 2015	11,953	22,876	136,544	7.88 GB
04 Sep 2015	10,984	20,987	121,714	6.92 GB
05 Sep 2015	6,498	12,991	75,627	4.31 GB
06 Sep 2015	6,652	13,227	77,751	4.53 GB
07 Sep 2015	9,975	18,912	114,782	6.56 GB
08 Sep 2015	12,015	23,057	137,154	7.96 GB
09 Sep 2015	12,440	23,894	141,872	8.18 GB
10 Sep 2015	12,175	23,089	137,364	7.97 GB
11 Sep 2015	11,527	21,478	128,405	7.58 GB
12 Sep 2015	7,160	14,297	84,030	4.90 GB
13 Sep 2015	7,428	14,486	86,399	5.11 GB
14 Sep 2015	12,370	24,017	143,399	8.38 GB
15 Sep 2015	13,750	26,449	156,902	9.48 GB
16 Sep 2015	13,193	25,248	152,108	8.89 GB
17 Sep 2015	13,113	24,548	149,975	8.82 GB
18 Sep 2015	12,088	22,808	137,293	7.94 GB
19 Sep 2015	7,626	15,017	90,468	5.16 GB
20 Sep 2015	8,157	15,342	93,437	5.33 GB
21 Sep 2015	13,255	25,385	153,197	8.80 GB
22 Sep 2015	14,176	27,220	163,317	9.37 GB
23 Sep 2015	14,470	27,128	165,898	9.41 GB
24 Sep 2015	13,491	25,442	154,618	8.78 GB
25 Sep 2015	12,587	24,274	143,334	8.19 GB
26 Sep 2015	7,926	14,572	91,258	5.27 GB
27 Sep 2015	8,258	15,621	95,064	5.48 GB
28 Sep 2015	13,370	25,167	152,131	8.89 GB
29 Sep 2015	13,897	26,989	159,982	9.23 GB
30 Sep 2015	13,789	26,468	156,682	9.00 GB
01 Oct 2015	13,335	24,730	149,145	8.55 GB
02 Oct 2015	12,109	22,829	136,851	7.79 GB
03 Oct 2015	7,907	14,956	92,433	5.21 GB
04 Oct 2015	8,274	15,982	98,561	5.53 GB
05 Oct 2015	13,432	26,155	158,376	8.89 GB
06 Oct 2015	14,619	28,207	173,439	9.53 GB
07 Oct 2015	14,404	27,075	166,797	9.35 GB
08 Oct 2015	14,417	27,273	167,354	9.48 GB
09 Oct 2015	12,928	24,189	170,941	8.30 GB
10 Oct 2015	8,343	15,648	198,408	5.41 GB
11 Oct 2015	8,756	17,035	119,088	5.72 GB
12 Oct 2015	13,594	26,267	162,292	9.02 GB
13 Oct 2015	14,986	28,665	175,770	9.84 GB
14 Oct 2015	14,987	28,381	175,267	9.70 GB
15 Oct 2015	14,541	27,585	167,010	9.24 GB
16 Oct 2015	13,385	25,034	206,712	8.69 GB
