5.462107937044974548e+00 2.939859290502345956e+00 1.000000000000000000e+00
8.133769442335436750e+00 7.900108732685969137e+00 2.000000000000000000e+00
3.677582795986492403e+00 4.615945645331584579e+00 1.000000000000000000e+00
3.624345363663241670e+00 2.388243586349924730e+00 0.000000000000000000e+00
2.865407629324678407e+00 6.984613031197173250e-01 0.000000000000000000e+00
7.042213746715592748e+00 9.582815213715822011e+00 2.000000000000000000e+00
3.744811764216479766e+00 2.238793099104896989e+00 0.000000000000000000e+00
1.471828247736544304e+00 1.927031377843829496e+00 0.000000000000000000e+00
6.827571792449564470e+00 8.122141582078628019e+00 2.000000000000000000e+00
4.319039096057098348e+00 4.750629624522590078e+00 1.000000000000000000e+00
