1 	 United States 	20,494,050 326,766,748	
— 	 European Union	18,750,052  511,522,671
2 	 China	13,407,398 1,415,045,928
3 	 Japan 	4,971,929 127,185,332	
4 	 Germany 	4,000,386 82,293,457	
5 	 United Kingdom 2,828,644 66,573,504
6 	 France 	2,775,252 65,233,271	
7 	 India 	2,716,746 1,354,051,854	
8 	 Italy 	2,072,201 59,290,969
9 	 Brazil 	1,868,184 210,867,954	
10 	 Canada 	1,711,387 36,953,765	
11 	 Russia 	1,630,659 143,964,709
12 	 South Korea  	1,619,424 51,164,435
13 	 Spain 	1,425,865 46,397,452	
14 	 Australia 	1,418,275 24,772,247	
15 	 Mexico 	1,223,359 130,759,074
16 	 Indonesia 	1,022,454 266,794,980
17 	 Netherlands 	912,899 17,084,459
18 	 Saudi Arabia 	782,483 33,554,343
19 	 Turkey 	766,428 81,916,871	
20 	 Switzerland 	703,750 8,544,034
