238.00 104.00 8.00 3.65 1.00
235.00 114.00 9.00 4.00 1.00
252.00 93.00 9.00 3.71 1.00
242.00 116.00 9.00 3.67 1.00
251.00 117.00 15.00 3.49 1.00
241.00 105.00 9.00 3.73 1.00
252.00 90.00 1.00 4.17 1.00
248.00 112.00 6.00 3.87 1.00
241.00 110.00 9.00 3.87 1.00
248.00 95.00 14.00 3.50 1.00
251.00 104.00 3.00 3.64 1.00
241.00 108.00 10.00 4.00 1.00
249.00 123.00 3.00 3.85 1.00
251.00 109.00 2.00 3.60 1.00
248.00 111.00 9.00 3.57 1.00
255.00 106.00 0.00 3.43 1.00
249.00 120.00 11.00 3.88 1.00
245.00 110.00 12.00 4.08 1.00
246.00 123.00 17.00 3.97 1.00
245.00 94.00 5.00 3.84 1.00
249.00 120.00 9.00 3.51 1.00
238.00 108.00 12.00 4.14 1.00
246.00 118.00 13.00 4.02 1.00
244.00 118.00 17.00 3.46 1.00
251.00 99.00 9.00 3.52 1.00
242.00 101.00 4.00 3.72 1.00
252.00 115.00 1.00 3.92 1.00
247.00 111.00 15.00 3.76 1.00
235.00 102.00 17.00 3.79 1.00
253.00 100.00 1.00 3.73 1.00
248.00 105.00 11.00 4.15 1.00
246.00 120.00 16.00 3.79 1.00
254.00 100.00 5.00 3.59 1.00
243.00 91.00 16.00 3.44 1.00
236.00 107.00 3.00 3.54 1.00
243.00 95.00 10.00 3.51 1.00
241.00 118.00 19.00 3.67 1.00
247.00 104.00 2.00 3.63 1.00
243.00 104.00 6.00 4.08 1.00
252.00 118.00 7.00 3.63 1.00
240.00 89.00 14.00 4.00 1.00
236.00 115.00 5.00 3.87 1.00
247.00 105.00 0.00 3.51 1.00
248.00 116.00 4.00 3.80 1.00
247.00 89.00 8.00 3.65 1.00
243.00 100.00 6.00 3.65 1.00
250.00 104.00 0.00 3.48 1.00
236.00 96.00 4.00 3.88 1.00
246.00 116.00 1.00 3.97 1.00
243.00 120.00 11.00 3.78 1.00
251.00 101.00 11.00 3.76 1.00
235.00 105.00 10.00 3.46 1.00
237.00 110.00 14.00 3.95 1.00
240.00 97.00 7.00 3.96 1.00
241.00 88.00 11.00 3.82 1.00
249.00 94.00 8.00 3.58 1.00
246.00 118.00 12.00 3.82 1.00
239.00 92.00 9.00 3.75 1.00
249.00 117.00 4.00 3.67 1.00
241.00 106.00 14.00 3.90 1.00
240.00 111.00 7.00 4.06 1.00
243.00 120.00 4.00 4.09 1.00
254.00 94.00 7.00 3.70 1.00
242.00 106.00 9.00 3.72 1.00
237.00 100.00 8.00 3.43 1.00
249.00 112.00 3.00 3.43 1.00
248.00 96.00 9.00 3.84 1.00
242.00 118.00 0.00 3.88 1.00
252.00 103.00 5.00 3.83 1.00
249.00 109.00 12.00 3.50 1.00
255.00 116.00 5.00 3.80 1.00
243.00 96.00 3.00 4.09 1.00
238.00 110.00 17.00 4.19 1.00
242.00 106.00 2.00 4.07 1.00
249.00 120.00 0.00 3.92 1.00
238.00 104.00 15.00 3.60 1.00
247.00 126.00 11.00 3.56 1.00
248.00 116.00 1.00 3.62 1.00
239.00 96.00 14.00 3.96 1.00
249.00 124.00 4.00 3.77 1.00
247.00 104.00 4.00 3.64 1.00
246.00 103.00 5.00 3.57 1.00
249.00 110.00 1.00 4.13 1.00
254.00 121.00 2.00 3.80 1.00
255.00 125.00 19.00 3.54 1.00
254.00 94.00 11.00 3.52 1.00
250.00 105.00 5.00 4.15 1.00
238.00 99.00 0.00 3.94 1.00
249.00 112.00 1.00 3.40 1.00
255.00 106.00 2.00 3.84 1.00
244.00 107.00 4.00 3.69 1.00
240.00 107.00 10.00 3.83 1.00
244.00 111.00 8.00 3.80 1.00
237.00 121.00 7.00 3.75 1.00
255.00 109.00 19.00 3.56 1.00
251.00 116.00 2.00 3.71 1.00
248.00 107.00 6.00 3.43 1.00
242.00 102.00 3.00 4.07 1.00
240.00 121.00 16.00 3.90 1.00
239.00 93.00 16.00 3.84 1.00
251.00 112.00 3.00 3.82 1.00
248.00 94.00 5.00 3.91 1.00
240.00 109.00 7.00 3.99 1.00
242.00 95.00 14.00 3.68 1.00
237.00 107.00 8.00 3.60 1.00
238.00 113.00 3.00 3.79 1.00
241.00 101.00 5.00 4.01 1.00
247.00 105.00 12.00 3.54 1.00
252.00 115.00 1.00 3.95 1.00
255.00 112.00 13.00 3.41 1.00
252.00 118.00 10.00 3.46 1.00
253.00 102.00 1.00 3.76 1.00
249.00 95.00 13.00 3.93 1.00
245.00 101.00 9.00 3.69 1.00
238.00 98.00 19.00 4.07 1.00
246.00 106.00 0.00 3.90 1.00
237.00 124.00 17.00 4.00 1.00
253.00 120.00 15.00 3.66 1.00
250.00 101.00 4.00 3.58 1.00
239.00 110.00 5.00 3.52 1.00
246.00 97.00 2.00 3.92 1.00
252.00 102.00 17.00 3.45 1.00
236.00 107.00 7.00 3.66 1.00
249.00 107.00 18.00 3.66 1.00
237.00 112.00 0.00 3.57 1.00
236.00 101.00 3.00 3.87 1.00
253.00 96.00 9.00 3.48 1.00
244.00 122.00 19.00 3.94 1.00
252.00 104.00 10.00 3.62 1.00
247.00 94.00 4.00 3.86 1.00
250.00 124.00 0.00 3.86 1.00
235.00 120.00 15.00 3.84 1.00
244.00 98.00 9.00 3.78 1.00
249.00 126.00 17.00 3.76 1.00
247.00 97.00 8.00 3.66 1.00
254.00 99.00 18.00 4.03 1.00
249.00 93.00 19.00 3.86 1.00
253.00 114.00 16.00 3.66 1.00
255.00 116.00 2.00 3.85 1.00
251.00 114.00 1.00 3.83 1.00
248.00 103.00 13.00 3.77 1.00
255.00 118.00 7.00 3.91 1.00
244.00 103.00 13.00 3.66 1.00
237.00 112.00 9.00 3.73 1.00
239.00 104.00 16.00 3.96 1.00
250.00 105.00 11.00 3.79 1.00
235.00 118.00 8.00 3.60 1.00
238.00 98.00 0.00 4.09 1.00
239.00 103.00 9.00 4.11 1.00
249.00 105.00 1.00 3.87 1.00
248.00 104.00 0.00 3.56 1.00
236.00 97.00 4.00 4.13 1.00
240.00 115.00 18.00 3.97 1.00
242.00 96.00 13.00 4.10 1.00
246.00 95.00 7.00 3.87 1.00
243.00 95.00 2.00 3.73 1.00
245.00 102.00 11.00 3.78 1.00
253.00 109.00 2.00 3.68 1.00
242.00 110.00 2.00 3.76 1.00
236.00 102.00 9.00 4.06 1.00
253.00 103.00 8.00 3.72 1.00
239.00 122.00 1.00 3.82 1.00
244.00 113.00 13.00 4.04 1.00
247.00 115.00 11.00 3.67 1.00
254.00 103.00 8.00 3.72 1.00
238.00 113.00 2.00 3.68 1.00
246.00 92.00 6.00 3.70 1.00
248.00 95.00 16.00 3.72 1.00
242.00 93.00 7.00 3.65 1.00
248.00 113.00 18.00 3.69 1.00
244.00 113.00 15.00 3.55 1.00
240.00 98.00 3.00 3.87 1.00
255.00 105.00 1.00 3.58 1.00
243.00 104.00 10.00 4.05 1.00
253.00 98.00 0.00 3.82 1.00
253.00 88.00 17.00 4.12 1.00
250.00 112.00 6.00 3.54 1.00
244.00 104.00 8.00 4.08 1.00
249.00 100.00 3.00 3.75 1.00
248.00 100.00 1.00 4.08 1.00
246.00 120.00 1.00 3.86 1.00
248.00 114.00 0.00 3.47 1.00
240.00 98.00 18.00 3.76 1.00
250.00 109.00 3.00 4.12 1.00
247.00 95.00 12.00 3.85 1.00
238.00 95.00 1.00 4.11 1.00
254.00 96.00 15.00 4.14 1.00
250.00 92.00 10.00 4.03 1.00
254.00 88.00 6.00 3.70 1.00
247.00 109.00 14.00 3.65 1.00
242.00 99.00 6.00 3.08 2.00
255.00 118.00 8.00 3.35 2.00
239.00 96.00 17.00 3.38 2.00
239.00 89.00 4.00 3.43 2.00
239.00 104.00 4.00 3.36 2.00
252.00 98.00 15.00 3.10 2.00
240.00 110.00 3.00 3.32 2.00
227.00 105.00 0.00 3.20 2.00
235.00 109.00 5.00 3.07 2.00
240.00 95.00 12.00 3.23 2.00
232.00 91.00 14.00 3.02 2.00
233.00 98.00 2.00 3.45 2.00
254.00 109.00 3.00 3.08 2.00
232.00 101.00 0.00 3.19 2.00
247.00 113.00 1.00 3.34 2.00
241.00 123.00 6.00 3.26 2.00
246.00 105.00 5.00 3.43 2.00
244.00 99.00 7.00 3.49 2.00
228.00 125.00 5.00 3.19 2.00
250.00 106.00 12.00 3.41 2.00
254.00 96.00 11.00 3.12 2.00
250.00 100.00 1.00 3.23 2.00
239.00 103.00 3.00 3.20 2.00
249.00 98.00 6.00 3.46 2.00
233.00 121.00 6.00 3.32 2.00
244.00 103.00 6.00 3.16 2.00
244.00 109.00 4.00 3.15 2.00
250.00 117.00 8.00 3.25 2.00
248.00 120.00 4.00 3.35 2.00
242.00 107.00 7.00 3.38 2.00
255.00 101.00 3.00 3.20 2.00
240.00 104.00 0.00 3.08 2.00
241.00 109.00 1.00 3.45 2.00
243.00 102.00 5.00 3.50 2.00
240.00 107.00 1.00 3.01 2.00
246.00 101.00 1.00 3.33 2.00
244.00 99.00 18.00 3.08 2.00
240.00 121.00 1.00 3.23 2.00
249.00 107.00 10.00 3.07 2.00
245.00 111.00 3.00 3.46 2.00
253.00 94.00 14.00 3.10 2.00
247.00 108.00 1.00 3.08 2.00
254.00 108.00 3.00 3.24 2.00
249.00 104.00 2.00 3.49 2.00
245.00 101.00 0.00 3.07 2.00
249.00 123.00 7.00 3.31 2.00
247.00 119.00 2.00 3.39 2.00
253.00 119.00 16.00 3.31 2.00
253.00 101.00 2.00 3.37 2.00
253.00 112.00 10.00 3.25 2.00
235.00 105.00 15.00 3.42 2.00
246.00 111.00 12.00 3.38 2.00
234.00 110.00 6.00 3.32 2.00
252.00 116.00 8.00 3.18 2.00
245.00 96.00 5.00 3.00 2.00
246.00 107.00 8.00 3.47 2.00
232.00 117.00 14.00 3.04 2.00
246.00 117.00 2.00 3.40 2.00
239.00 91.00 17.00 3.11 2.00
234.00 119.00 5.00 3.13 2.00
245.00 91.00 5.00 3.44 2.00
247.00 98.00 7.00 3.16 2.00
235.00 108.00 6.00 3.47 2.00
243.00 119.00 2.00 3.31 2.00
239.00 97.00 4.00 3.46 2.00
241.00 110.00 18.00 3.32 2.00
230.00 104.00 0.00 3.30 2.00
250.00 106.00 3.00 3.36 2.00
238.00 114.00 13.00 3.25 2.00
242.00 109.00 6.00 3.08 2.00
229.00 109.00 6.00 3.30 2.00
237.00 119.00 15.00 3.38 2.00
247.00 105.00 11.00 3.41 2.00
245.00 110.00 2.00 3.15 2.00
228.00 110.00 6.00 3.32 2.00
227.00 110.00 7.00 3.34 2.00
233.00 113.00 14.00 3.08 2.00
229.00 110.00 3.00 3.22 2.00
232.00 107.00 2.00 3.06 2.00
244.00 106.00 5.00 3.28 2.00
241.00 98.00 4.00 3.37 2.00
252.00 98.00 2.00 3.03 2.00
250.00 111.00 6.00 3.38 2.00
255.00 88.00 2.00 3.28 2.00
244.00 112.00 6.00 3.37 2.00
230.00 101.00 3.00 3.34 2.00
237.00 98.00 4.00 3.33 2.00
230.00 110.00 8.00 3.49 2.00
243.00 103.00 6.00 3.34 2.00
229.00 97.00 0.00 3.27 2.00
254.00 93.00 7.00 3.21 2.00
238.00 119.00 3.00 3.29 2.00
247.00 95.00 3.00 3.06 2.00
229.00 119.00 3.00 3.33 2.00
248.00 109.00 7.00 3.44 2.00
248.00 107.00 15.00 3.38 2.00
251.00 115.00 11.00 3.43 2.00
234.00 120.00 3.00 3.17 2.00
226.00 107.00 4.00 3.37 2.00
251.00 99.00 18.00 3.30 2.00
229.00 98.00 12.00 3.44 2.00
227.00 119.00 6.00 3.38 2.00
236.00 95.00 8.00 3.46 2.00
250.00 124.00 7.00 3.48 2.00
244.00 101.00 2.00 3.29 2.00
252.00 118.00 12.00 3.38 2.00
238.00 118.00 9.00 3.25 2.00
251.00 112.00 8.00 3.24 2.00
238.00 105.00 4.00 3.30 2.00
254.00 89.00 6.00 3.24 2.00
251.00 113.00 2.00 3.21 2.00
246.00 102.00 8.00 3.12 2.00
236.00 109.00 10.00 3.19 2.00
248.00 93.00 8.00 3.07 2.00
249.00 104.00 11.00 3.28 2.00
246.00 97.00 14.00 3.39 2.00
240.00 103.00 0.00 3.45 2.00
240.00 90.00 1.00 3.12 2.00
233.00 102.00 9.00 3.29 2.00
238.00 101.00 10.00 3.35 2.00
252.00 108.00 0.00 3.25 2.00
231.00 110.00 8.00 3.10 2.00
239.00 116.00 1.00 3.37 2.00
234.00 95.00 10.00 3.14 2.00
232.00 110.00 12.00 3.21 2.00
250.00 100.00 7.00 3.39 2.00
235.00 95.00 3.00 3.47 2.00
243.00 110.00 6.00 3.11 2.00
232.00 94.00 16.00 3.34 2.00
233.00 112.00 6.00 3.38 2.00
240.00 119.00 0.00 3.46 2.00
248.00 125.00 18.00 3.08 2.00
254.00 108.00 9.00 3.43 2.00
247.00 98.00 15.00 3.18 2.00
246.00 103.00 8.00 3.45 2.00
228.00 88.00 18.00 3.41 2.00
233.00 115.00 1.00 3.18 2.00
241.00 110.00 14.00 3.38 2.00
243.00 99.00 12.00 3.48 2.00
241.00 95.00 12.00 3.42 2.00
245.00 110.00 4.00 3.25 2.00
238.00 93.00 13.00 3.16 2.00
254.00 103.00 11.00 3.26 2.00
247.00 96.00 1.00 3.46 2.00
240.00 118.00 7.00 3.05 2.00
250.00 121.00 8.00 3.15 2.00
248.00 100.00 4.00 3.29 2.00
240.00 105.00 2.00 3.33 2.00
240.00 115.00 3.00 3.42 2.00
241.00 104.00 4.00 3.36 2.00
252.00 112.00 7.00 3.33 2.00
228.00 88.00 1.00 3.11 2.00
243.00 119.00 11.00 3.26 2.00
251.00 99.00 6.00 3.07 2.00
249.00 114.00 19.00 3.19 2.00
248.00 106.00 7.00 3.22 2.00
239.00 101.00 7.00 3.40 2.00
242.00 107.00 7.00 3.21 2.00
243.00 104.00 10.00 3.43 2.00
254.00 107.00 8.00 3.40 2.00
236.00 117.00 13.00 3.46 2.00
244.00 111.00 8.00 3.40 2.00
240.00 110.00 4.00 3.44 2.00
239.00 94.00 9.00 3.42 2.00
249.00 107.00 0.00 3.44 2.00
252.00 103.00 7.00 3.17 2.00
252.00 123.00 1.00 3.13 2.00
237.00 96.00 2.00 3.30 2.00
250.00 94.00 10.00 3.35 2.00
251.00 101.00 9.00 3.42 2.00
240.00 116.00 14.00 3.04 2.00
228.00 118.00 6.00 3.18 2.00
247.00 111.00 8.00 3.20 2.00
236.00 115.00 4.00 3.33 2.00
234.00 122.00 2.00 3.26 2.00
244.00 119.00 6.00 3.41 2.00
248.00 115.00 0.00 3.50 2.00
246.00 103.00 2.00 3.17 2.00
253.00 109.00 14.00 3.29 2.00
242.00 123.00 2.00 3.35 2.00
245.00 101.00 1.00 3.15 2.00
244.00 115.00 0.00 3.09 2.00
242.00 105.00 10.00 3.44 2.00
255.00 117.00 5.00 3.07 2.00
254.00 99.00 5.00 3.18 2.00
250.00 105.00 1.00 3.19 2.00
250.00 109.00 9.00 3.41 2.00
245.00 99.00 4.00 3.36 2.00
242.00 99.00 2.00 3.40 2.00
231.00 96.00 1.00 3.34 2.00
246.00 101.00 0.00 3.48 2.00
249.00 109.00 1.00 3.44 2.00
235.00 122.00 11.00 3.29 2.00
229.00 103.00 3.00 3.05 2.00
233.00 97.00 4.00 3.13 2.00
235.00 96.00 6.00 3.01 2.00
255.00 95.00 5.00 3.47 2.00
242.00 121.00 8.00 3.20 2.00
233.00 120.00 10.00 3.25 2.00
253.00 114.00 18.00 3.36 2.00
255.00 99.00 10.00 3.26 2.00
246.00 107.00 3.00 3.48 2.00
244.00 117.00 2.00 3.36 2.00
231.00 108.00 4.00 3.30 2.00
236.00 95.00 2.00 3.37 2.00
206.00 96.00 3.00 4.12 3.00
191.00 86.00 0.00 4.19 3.00
199.00 96.00 4.00 3.99 3.00
209.00 89.00 0.00 3.88 3.00
192.00 94.00 3.00 3.90 3.00
204.00 106.00 5.00 4.21 3.00
216.00 100.00 3.00 4.30 3.00
198.00 91.00 10.00 4.32 3.00
209.00 106.00 0.00 3.83 3.00
214.00 99.00 1.00 4.23 3.00
199.00 101.00 4.00 3.81 3.00
200.00 86.00 7.00 4.33 3.00
197.00 96.00 6.00 4.27 3.00
181.00 107.00 5.00 4.04 3.00
217.00 104.00 3.00 4.08 3.00
203.00 99.00 0.00 4.09 3.00
228.00 107.00 2.00 3.82 3.00
207.00 108.00 6.00 4.11 3.00
197.00 102.00 3.00 4.34 3.00
201.00 106.00 0.00 4.19 3.00
209.00 94.00 5.00 3.80 3.00
221.00 85.00 4.00 3.85 3.00
216.00 102.00 9.00 4.01 3.00
212.00 97.00 3.00 4.28 3.00
199.00 117.00 0.00 4.04 3.00
210.00 101.00 4.00 4.31 3.00
214.00 97.00 3.00 4.18 3.00
221.00 114.00 0.00 4.05 3.00
208.00 110.00 10.00 4.01 3.00
232.00 81.00 5.00 4.16 3.00
200.00 85.00 0.00 4.01 3.00
179.00 99.00 0.00 4.01 3.00
210.00 91.00 2.00 4.19 3.00
185.00 88.00 5.00 4.20 3.00
194.00 84.00 0.00 4.36 3.00
226.00 85.00 4.00 4.17 3.00
198.00 100.00 3.00 4.35 3.00
200.00 86.00 4.00 3.95 3.00
197.00 112.00 4.00 4.38 3.00
213.00 91.00 3.00 4.36 3.00
193.00 88.00 1.00 4.17 3.00
223.00 91.00 2.00 4.18 3.00
212.00 101.00 5.00 4.30 3.00
223.00 91.00 2.00 4.24 3.00
176.00 106.00 0.00 4.17 3.00
175.00 103.00 0.00 4.26 3.00
213.00 106.00 8.00 4.10 3.00
197.00 81.00 0.00 4.28 3.00
209.00 83.00 0.00 4.03 3.00
229.00 113.00 2.00 4.40 3.00
223.00 116.00 8.00 4.32 3.00
209.00 98.00 3.00 3.95 3.00
205.00 82.00 0.00 4.33 3.00
182.00 86.00 2.00 4.40 3.00
219.00 87.00 3.00 3.86 3.00
184.00 94.00 0.00 4.24 3.00
209.00 115.00 0.00 4.11 3.00
188.00 97.00 3.00 4.08 3.00
212.00 102.00 6.00 4.31 3.00
205.00 88.00 2.00 4.23 3.00
232.00 109.00 7.00 3.87 3.00
204.00 116.00 3.00 4.13 3.00
193.00 106.00 4.00 3.92 3.00
187.00 116.00 4.00 3.92 3.00
211.00 108.00 2.00 4.18 3.00
207.00 84.00 1.00 3.88 3.00
210.00 113.00 2.00 4.03 3.00
193.00 108.00 5.00 4.11 3.00
197.00 98.00 3.00 4.25 3.00
191.00 102.00 8.00 4.34 3.00
187.00 89.00 8.00 4.22 3.00
196.00 81.00 10.00 4.33 3.00
237.00 104.00 1.00 3.91 3.00
179.00 83.00 2.00 4.33 3.00
202.00 101.00 7.00 4.13 3.00
213.00 109.00 10.00 4.11 3.00
199.00 96.00 2.00 4.15 3.00
182.00 98.00 7.00 4.35 3.00
224.00 105.00 7.00 4.02 3.00
230.00 101.00 3.00 3.81 3.00
211.00 109.00 4.00 4.01 3.00
221.00 97.00 7.00 4.05 3.00
202.00 115.00 3.00 4.06 3.00
225.00 94.00 2.00 4.07 3.00
191.00 97.00 4.00 3.85 3.00
185.00 96.00 10.00 4.38 3.00
212.00 98.00 3.00 4.17 3.00
178.00 116.00 1.00 4.28 3.00
224.00 107.00 5.00 3.95 3.00
202.00 93.00 2.00 4.26 3.00
187.00 100.00 1.00 3.81 3.00
204.00 117.00 6.00 4.13 3.00
226.00 112.00 4.00 4.27 3.00
196.00 118.00 3.00 3.80 3.00
201.00 96.00 5.00 4.28 3.00
207.00 112.00 11.00 3.92 3.00
237.00 91.00 3.00 4.35 3.00
190.00 85.00 3.00 3.90 3.00
207.00 106.00 0.00 4.32 3.00
214.00 94.00 0.00 4.33 3.00
224.00 115.00 2.00 4.15 3.00
213.00 116.00 3.00 4.00 3.00
198.00 104.00 4.00 4.17 3.00
223.00 107.00 1.00 4.35 3.00
195.00 96.00 5.00 4.16 3.00
214.00 84.00 11.00 3.96 3.00
191.00 119.00 0.00 3.83 3.00
223.00 96.00 3.00 4.23 3.00
212.00 81.00 0.00 3.92 3.00
228.00 111.00 2.00 4.21 3.00
199.00 85.00 3.00 3.91 3.00
197.00 119.00 0.00 4.07 3.00
208.00 83.00 3.00 4.33 3.00
201.00 115.00 2.00 3.83 3.00
213.00 92.00 5.00 4.00 3.00
207.00 91.00 10.00 4.02 3.00
183.00 97.00 7.00 4.23 3.00
234.00 98.00 4.00 4.22 3.00
183.00 96.00 4.00 4.14 3.00
193.00 106.00 3.00 4.33 3.00
201.00 101.00 4.00 4.20 3.00
195.00 98.00 4.00 3.94 3.00
206.00 93.00 3.00 3.85 3.00
209.00 93.00 5.00 4.24 3.00
203.00 106.00 5.00 4.19 3.00
184.00 97.00 7.00 4.17 3.00
197.00 94.00 3.00 3.90 3.00
184.00 100.00 0.00 4.33 3.00
195.00 100.00 6.00 3.98 3.00
184.00 94.00 4.00 4.02 3.00
187.00 105.00 0.00 4.27 3.00
190.00 114.00 0.00 3.89 3.00
210.00 101.00 6.00 4.24 3.00
227.00 86.00 4.00 3.83 3.00
185.00 91.00 9.00 4.35 3.00
212.00 102.00 2.00 3.99 3.00
204.00 107.00 8.00 3.81 3.00
212.00 95.00 4.00 4.28 3.00
205.00 95.00 6.00 4.08 3.00
199.00 101.00 9.00 4.32 3.00
198.00 118.00 4.00 4.20 3.00
203.00 93.00 6.00 3.89 3.00
201.00 86.00 6.00 3.82 3.00
228.00 95.00 3.00 4.31 3.00
187.00 92.00 3.00 4.36 3.00
203.00 104.00 5.00 3.86 3.00
207.00 102.00 7.00 4.30 3.00
208.00 109.00 6.00 4.26 3.00
214.00 84.00 2.00 4.31 3.00
199.00 101.00 9.00 4.25 3.00
189.00 86.00 7.00 4.10 3.00
202.00 94.00 7.00 3.89 3.00
228.00 91.00 7.00 4.17 3.00
191.00 105.00 0.00 4.03 3.00
206.00 84.00 1.00 4.05 3.00
190.00 119.00 1.00 4.14 3.00
199.00 99.00 3.00 4.17 3.00
201.00 86.00 3.00 3.87 3.00
181.00 99.00 3.00 3.85 3.00
211.00 89.00 2.00 4.15 3.00
207.00 95.00 6.00 4.14 3.00
235.00 107.00 0.00 4.19 3.00
215.00 96.00 0.00 3.90 3.00
213.00 104.00 7.00 4.34 3.00
224.00 86.00 7.00 4.19 3.00
191.00 101.00 0.00 3.87 3.00
210.00 100.00 4.00 4.32 3.00
202.00 91.00 0.00 4.34 3.00
198.00 119.00 6.00 4.34 3.00
213.00 105.00 3.00 3.85 3.00
200.00 105.00 4.00 4.11 3.00
217.00 108.00 11.00 4.25 3.00
226.00 89.00 5.00 4.08 3.00
212.00 115.00 1.00 3.98 3.00
220.00 101.00 0.00 4.16 3.00
226.00 90.00 9.00 3.87 3.00
191.00 96.00 0.00 4.24 3.00
229.00 108.00 0.00 4.27 3.00
223.00 118.00 2.00 4.03 3.00
175.00 85.00 0.00 3.82 3.00
193.00 100.00 1.00 3.95 3.00
213.00 108.00 1.00 3.84 3.00
229.00 113.00 4.00 4.03 3.00
226.00 85.00 3.00 4.07 3.00
191.00 106.00 7.00 3.91 3.00
202.00 107.00 2.00 4.09 3.00
217.00 95.00 0.00 4.38 3.00
215.00 105.00 7.00 3.96 3.00
214.00 103.00 5.00 4.09 3.00
224.00 108.00 3.00 4.10 3.00
219.00 105.00 5.00 3.81 3.00
201.00 111.00 2.00 4.38 3.00
220.00 86.00 1.00 4.38 3.00
218.00 87.00 3.00 4.35 3.00
205.00 115.00 9.00 4.12 3.00
231.00 94.00 0.00 3.99 3.00
184.00 93.00 10.00 4.12 3.00
217.00 88.00 5.00 3.91 3.00
206.00 99.00 3.00 3.83 3.00
208.00 85.00 5.00 4.01 3.00
188.00 98.00 4.00 4.09 3.00
188.00 106.00 5.00 4.33 3.00
229.00 96.00 9.00 4.11 3.00
199.00 96.00 1.00 4.13 3.00
193.00 83.00 5.00 3.91 3.00
198.00 99.00 0.00 3.94 3.00
209.00 102.00 0.00 4.02 3.00
215.00 83.00 11.00 4.34 3.00
220.00 116.00 9.00 4.19 3.00
206.00 118.00 0.00 4.02 3.00
226.00 103.00 0.00 4.02 3.00
194.00 106.00 0.00 4.32 3.00
207.00 100.00 0.00 3.81 3.00
196.00 98.00 0.00 4.22 3.00
231.00 82.00 0.00 4.20 3.00
229.00 96.00 0.00 4.05 3.00
209.00 95.00 6.00 4.29 3.00
179.00 82.00 3.00 4.00 3.00
203.00 100.00 2.00 3.94 3.00
202.00 87.00 2.00 4.02 3.00
196.00 97.00 0.00 3.92 3.00
222.00 104.00 9.00 3.99 3.00
218.00 109.00 7.00 4.33 3.00
220.00 99.00 2.00 3.90 3.00
214.00 92.00 0.00 4.38 3.00
231.00 104.00 3.00 4.39 3.00
184.00 92.00 5.00 4.08 3.00
203.00 104.00 9.00 4.02 3.00
209.00 102.00 1.00 4.01 3.00
207.00 81.00 9.00 3.90 3.00
0.00 244.00 99.00 3.10 4.00
0.00 241.00 96.00 3.29 4.00
0.00 252.00 105.00 2.49 4.00
0.00 246.00 97.00 2.96 4.00
0.00 251.00 99.00 2.95 4.00
0.00 240.00 100.00 3.34 4.00
0.00 241.00 103.00 2.97 4.00
0.00 245.00 98.00 2.71 4.00
0.00 250.00 101.00 2.76 4.00
0.00 240.00 98.00 2.61 4.00
0.00 254.00 105.00 2.61 4.00
0.00 241.00 105.00 2.54 4.00
0.00 249.00 92.00 2.96 4.00
0.00 245.00 104.00 2.74 4.00
0.00 252.00 98.00 3.11 4.00
0.00 252.00 109.00 2.41 4.00
0.00 242.00 99.00 3.03 4.00
0.00 253.00 100.00 3.35 4.00
0.00 243.00 100.00 3.10 4.00
0.00 247.00 106.00 2.92 4.00
0.00 250.00 102.00 2.74 4.00
0.00 253.00 96.00 2.99 4.00
0.00 245.00 97.00 2.77 4.00
0.00 254.00 99.00 2.57 4.00
0.00 240.00 94.00 2.59 4.00
0.00 247.00 96.00 3.02 4.00
0.00 252.00 104.00 2.83 4.00
0.00 243.00 94.00 2.88 4.00
0.00 253.00 97.00 3.02 4.00
0.00 242.00 106.00 2.46 4.00
0.00 242.00 94.00 2.80 4.00
0.00 251.00 105.00 3.16 4.00
0.00 254.00 96.00 3.16 4.00
0.00 254.00 101.00 2.75 4.00
0.00 246.00 101.00 2.93 4.00
0.00 251.00 95.00 3.09 4.00
0.00 253.00 96.00 3.06 4.00
0.00 248.00 95.00 3.14 4.00
0.00 245.00 103.00 2.94 4.00
0.00 240.00 111.00 3.35 4.00
0.00 248.00 96.00 2.80 4.00
0.00 247.00 99.00 3.25 4.00
0.00 250.00 107.00 2.73 4.00
0.00 248.00 95.00 2.84 4.00
0.00 246.00 107.00 3.18 4.00
0.00 249.00 93.00 2.44 4.00
0.00 247.00 101.00 2.40 4.00
0.00 253.00 101.00 2.64 4.00
0.00 249.00 97.00 3.01 4.00
0.00 249.00 98.00 3.15 4.00
0.00 253.00 107.00 2.89 4.00
0.00 243.00 105.00 2.65 4.00
0.00 252.00 108.00 3.17 4.00
0.00 247.00 102.00 2.61 4.00
0.00 247.00 105.00 2.82 4.00
0.00 245.00 94.00 2.76 4.00
0.00 248.00 93.00 2.46 4.00
0.00 252.00 105.00 3.32 4.00
0.00 242.00 109.00 2.54 4.00
0.00 247.00 99.00 2.75 4.00
0.00 240.00 91.00 3.23 4.00
0.00 250.00 105.00 2.86 4.00
0.00 251.00 102.00 2.72 4.00
0.00 243.00 92.00 3.10 4.00
0.00 254.00 101.00 3.50 4.00
0.00 251.00 103.00 2.95 4.00
0.00 247.00 103.00 3.19 4.00
0.00 254.00 100.00 2.40 4.00
0.00 252.00 100.00 2.93 4.00
0.00 254.00 102.00 3.05 4.00
0.00 251.00 95.00 2.58 4.00
0.00 246.00 102.00 2.64 4.00
0.00 249.00 101.00 2.88 4.00
0.00 246.00 96.00 2.86 4.00
0.00 245.00 101.00 3.38 4.00
0.00 247.00 94.00 2.95 4.00
0.00 249.00 104.00 2.56 4.00
0.00 251.00 96.00 2.70 4.00
0.00 254.00 95.00 2.80 4.00
0.00 249.00 103.00 2.60 4.00
0.00 252.00 101.00 3.47 4.00
0.00 252.00 98.00 3.17 4.00
0.00 254.00 99.00 3.40 4.00
0.00 253.00 98.00 3.30 4.00
0.00 246.00 101.00 3.22 4.00
0.00 240.00 92.00 3.02 4.00
0.00 249.00 100.00 3.07 4.00
0.00 240.00 101.00 3.20 4.00
0.00 248.00 99.00 2.88 4.00
0.00 252.00 107.00 2.88 4.00
0.00 242.00 98.00 2.67 4.00
0.00 252.00 102.00 3.48 4.00
0.00 248.00 107.00 2.60 4.00
0.00 246.00 104.00 3.30 4.00
0.00 246.00 101.00 3.30 4.00
0.00 250.00 107.00 2.57 4.00
0.00 244.00 96.00 2.76 4.00
0.00 241.00 97.00 3.21 4.00
0.00 249.00 96.00 2.97 4.00
0.00 246.00 95.00 3.26 4.00
0.00 253.00 98.00 3.17 4.00
0.00 240.00 103.00 2.62 4.00
0.00 247.00 95.00 2.94 4.00
0.00 244.00 100.00 2.83 4.00
0.00 250.00 108.00 3.24 4.00
0.00 248.00 101.00 3.22 4.00
0.00 245.00 106.00 2.87 4.00
0.00 252.00 97.00 2.71 4.00
0.00 243.00 102.00 2.90 4.00
0.00 245.00 105.00 3.21 4.00
0.00 249.00 106.00 3.36 4.00
0.00 248.00 105.00 2.53 4.00
0.00 244.00 105.00 3.31 4.00
0.00 254.00 95.00 2.96 4.00
0.00 253.00 97.00 2.48 4.00
0.00 252.00 103.00 2.52 4.00
0.00 241.00 106.00 3.14 4.00
0.00 252.00 99.00 3.11 4.00
0.00 243.00 103.00 2.86 4.00
0.00 243.00 102.00 3.05 4.00
0.00 246.00 98.00 3.48 4.00
0.00 250.00 104.00 3.12 4.00
0.00 250.00 107.00 3.43 4.00
0.00 253.00 109.00 2.86 4.00
0.00 248.00 91.00 2.52 4.00
0.00 253.00 111.00 2.94 4.00
0.00 253.00 105.00 3.28 4.00
0.00 245.00 97.00 2.41 4.00
0.00 254.00 101.00 2.76 4.00
0.00 250.00 103.00 2.55 4.00
0.00 252.00 110.00 2.81 4.00
0.00 245.00 92.00 3.35 4.00
0.00 253.00 97.00 2.79 4.00
0.00 248.00 102.00 3.06 4.00
0.00 251.00 109.00 2.92 4.00
0.00 247.00 103.00 3.29 4.00
0.00 250.00 92.00 3.13 4.00
0.00 250.00 99.00 2.63 4.00
0.00 253.00 105.00 3.19 4.00
0.00 251.00 104.00 2.56 4.00
0.00 249.00 103.00 3.14 4.00
0.00 244.00 96.00 3.13 4.00
0.00 248.00 94.00 3.26 4.00
0.00 253.00 104.00 3.00 4.00
0.00 245.00 104.00 2.63 4.00
0.00 252.00 97.00 2.84 4.00
0.00 254.00 100.00 3.07 4.00
0.00 252.00 101.00 2.90 4.00
0.00 254.00 93.00 3.19 4.00
0.00 253.00 100.00 2.95 4.00
0.00 249.00 97.00 2.62 4.00
0.00 247.00 100.00 3.17 4.00
0.00 246.00 99.00 3.35 4.00
0.00 251.00 97.00 2.62 4.00
0.00 251.00 99.00 2.66 4.00
0.00 243.00 110.00 3.12 4.00
0.00 240.00 99.00 2.77 4.00
0.00 245.00 103.00 3.34 4.00
0.00 241.00 105.00 2.87 4.00
0.00 251.00 98.00 3.32 4.00
0.00 244.00 96.00 3.45 4.00
0.00 251.00 99.00 2.57 4.00
0.00 240.00 97.00 2.68 4.00
0.00 250.00 104.00 2.64 4.00
0.00 243.00 109.00 3.08 4.00
0.00 248.00 98.00 3.03 4.00
0.00 253.00 106.00 2.85 4.00
0.00 250.00 91.00 3.39 4.00
0.00 248.00 99.00 3.10 4.00
0.00 244.00 109.00 2.96 4.00